1e-05	0.99996	1e-05	1e-05	1e-05
1e-05	0.99996	1e-05	1e-05	1e-05
1e-05	1e-05	0.99996	1e-05	1e-05
0.520967	0.147434	0.257081	0.009273	0.065245
1e-05	1e-05	0.99996	1e-05	1e-05
1e-05	1e-05	0.99996	1e-05	1e-05
0.315848	0.191543	0.450568	0.007594	0.034448
0.316051	0.175042	0.399707	0.017406	0.091793
0.189421	0.133042	0.123043	0.554484	1e-05
1e-05	1e-05	1e-05	0.99996	1e-05
0.188867	0.438745	0.162028	0.096816	0.113545
0.202522	0.4465	0.177169	0.103246	0.070563
0.610902	0.184029	1e-05	1e-05	0.205049
0.392468	0.333372	0.071575	0.024649	0.177937
0.089955	0.51018	0.067273	0.00201	0.330583
0.263824	0.43565	0.020357	1e-05	0.280159
0.193451	0.474926	0.052288	0.033668	0.245667
0.224277	0.379439	0.115162	1e-05	0.281111
0.350378	0.356599	0.053978	1e-05	0.239036
0.521701	0.247872	0.045443	0.002729	0.182255
0.025523	1e-05	1e-05	1e-05	0.974447
1e-05	1e-05	1e-05	1e-05	0.99996
1e-05	0.65682	1e-05	1e-05	0.34315
0.030303	0.638528	0.02477	0.002287	0.304111
1e-05	1e-05	1e-05	1e-05	0.99996
1e-05	1e-05	1e-05	1e-05	0.99996
1e-05	1e-05	1e-05	1e-05	0.99996
0.347873	0.296505	0.008075	0.026148	0.321399
1e-05	0.751943	1.8e-05	0.001769	0.246261
1e-05	0.723027	1e-05	0.026106	0.250847
1e-05	0.674806	1e-05	1e-05	0.325164
1e-05	0.684465	1e-05	1e-05	0.315505
0.583392	0.257209	1e-05	1e-05	0.15938
0.651031	0.189447	1e-05	0.001957	0.157555
