1e-05	0.95712	0.021528	0.021342
1e-05	0.932546	0.041303	0.026141
1e-05	1e-05	0.99997	1e-05
0.52921	0.199115	0.25955	0.012125
1e-05	1e-05	0.99997	1e-05
1e-05	1e-05	0.99997	1e-05
0.3149	0.216836	0.456252	0.012012
0.326175	0.248971	0.403236	0.021619
0.178364	0.111578	0.147147	0.562911
1e-05	1e-05	1e-05	0.99997
0.193594	0.521524	0.177575	0.107306
0.199484	0.491153	0.193376	0.115986
0.641589	0.358385	1e-05	1.5e-05
0.412739	0.478751	0.077631	0.030879
0.129283	0.78654	0.073163	0.011015
0.297463	0.672566	0.02855	0.001421
0.221118	0.675406	0.06091	0.042566
0.26371	0.616938	0.119341	1e-05
0.383613	0.55544	0.05853	0.002417
0.549173	0.398752	0.045362	0.006713
0.343399	0.656581	1e-05	1e-05
0.192542	0.807438	1e-05	1e-05
0.004558	0.986117	1e-05	0.009315
0.059031	0.891136	0.035704	0.014129
0.098262	0.866332	0.030088	0.005318
0.01343	0.976796	0.009764	1e-05
0.215077	0.764431	1e-05	0.020482
0.393512	0.56902	0.006527	0.030941
0.014091	0.962348	1e-05	0.023551
0.02925	0.928317	1e-05	0.042423
1e-05	0.985798	1e-05	0.014182
1e-05	0.99997	1e-05	1e-05
0.606328	0.39073	1e-05	0.002931
0.674974	0.321685	1e-05	0.003331
