1e-05	0.968046	0.031944
1e-05	0.945644	0.054346
1e-05	1e-05	0.99998
0.534202	0.204044	0.261754
1e-05	1e-05	0.99998
1e-05	1e-05	0.99998
0.319533	0.221723	0.458745
0.337142	0.257091	0.405767
0.465138	0.380872	0.15399
0.511778	0.384096	0.104126
0.253325	0.565056	0.181619
0.264933	0.536844	0.198223
0.638293	0.361697	1e-05
0.426686	0.492108	0.081205
0.129437	0.793995	0.076568
0.292436	0.675797	0.031767
0.240941	0.694074	0.064985
0.257675	0.619511	0.122814
0.378489	0.558533	0.062978
0.548199	0.402975	0.048825
0.339625	0.660365	1e-05
0.188199	0.811791	1e-05
0.005185	0.994805	1e-05
0.059889	0.89932	0.04079
0.096714	0.871385	0.031901
0.006861	0.980897	0.012242
0.224176	0.775814	1e-05
0.405939	0.58322	0.010841
0.022781	0.975825	0.001393
0.051986	0.948004	1e-05
1e-05	0.99998	1e-05
1e-05	0.99998	1e-05
0.605288	0.394702	1e-05
0.675574	0.324416	1e-05
