%!PS-Adobe-3.0 EPSF-3.0 
% Graphical display of results from structure
% distruct by Noah Rosenberg, version 1.0 Nov 2002 
%                             version 1.1 Jun 2007 
% Command line arguments: distruct/distruct1.1 -K 3 -M 34 -N 412 -p 1578384894/pop -i 1578384894/ind -o 1578384894/out.ps -b 1578384894/labels -c 1578384894/perm -d 1578384894/drawparams 
gsave

% Population Q values from the file: 1578384894/pop
% 3 clusters, 34 populations, 0 individuals
% Pop. code, number of individuals, membership coefficients
% 25	16	0	0	0	
% 26	16	0	0	0	
% 23	16	0	0	0	
% 5	10	0	0	0	
% 27	16	0	0	0	
% 32	16	0	0	0	
% 20	16	0	0	0	
% 29	16	0	0	0	
% 12	2	0	0	0	
% 21	16	0	0	0	
% 3	10	0	0	0	
% 1	10	0	0	0	
% 24	16	0	0	0	
% 18	16	0	0	0	
% 9	10	0	0	0	
% 11	2	0	0	0	
% 19	16	0	0	0	
% 30	16	0	0	0	
% 22	16	0	0	0	
% 10	2	0	0	0	
% 31	16	0	0	0	
% 17	16	0	0	0	
% 13	5	0	0	0	
% 7	10	0	0	0	
% 15	2	0	0	0	
% 33	9	0	0	0	
% 16	16	0	0	0	
% 4	10	0	0	0	
% 28	2	0	0	0	
% 8	10	0	0	0	
% 34	9	0	0	0	
% 14	33	0	0	0	
% 6	10	0	0	0	
% 2	10	0	0	0	


% Individual Q values from the file: 1578384894/ind
% Population code, individual label, membership coefficients
% 1	1	0.999998	1e-06	1e-06	
% 1	2	0.999998	1e-06	1e-06	
% 1	3	0.999998	1e-06	1e-06	
% 1	4	0.999998	1e-06	1e-06	
% 1	5	0.999998	1e-06	1e-06	
% 1	6	0.999998	1e-06	1e-06	
% 1	7	0.999998	1e-06	1e-06	
% 1	8	0.999998	1e-06	1e-06	
% 1	9	0.999998	1e-06	1e-06	
% 1	10	0.999998	1e-06	1e-06	
% 2	11	0.999998	1e-06	1e-06	
% 2	12	0.999998	1e-06	1e-06	
% 2	13	0.999998	1e-06	1e-06	
% 2	14	0.999998	1e-06	1e-06	
% 2	15	0.999998	1e-06	1e-06	
% 2	16	0.999998	1e-06	1e-06	
% 2	17	0.999998	1e-06	1e-06	
% 2	18	0.999998	1e-06	1e-06	
% 2	19	0.999998	1e-06	1e-06	
% 2	20	0.999998	1e-06	1e-06	
% 3	21	0.999998	1e-06	1e-06	
% 3	22	0.999998	1e-06	1e-06	
% 3	23	0.999998	1e-06	1e-06	
% 3	24	0.999998	1e-06	1e-06	
% 3	25	0.999998	1e-06	1e-06	
% 3	26	0.999998	1e-06	1e-06	
% 3	27	0.999998	1e-06	1e-06	
% 3	28	0.999998	1e-06	1e-06	
% 3	29	0.999998	1e-06	1e-06	
% 3	30	0.993469	1e-06	0.00653	
% 4	31	0.996332	1e-06	0.003667	
% 4	32	0.999998	1e-06	1e-06	
% 4	33	0.999998	1e-06	1e-06	
% 4	34	0.999998	1e-06	1e-06	
% 4	35	0.999998	1e-06	1e-06	
% 4	36	0.999998	1e-06	1e-06	
% 4	37	0.999998	1e-06	1e-06	
% 4	38	0.999998	1e-06	1e-06	
% 4	39	0.999998	1e-06	1e-06	
% 4	40	0.994121	0.005878	1e-06	
% 5	41	0.999998	1e-06	1e-06	
% 5	42	0.999998	1e-06	1e-06	
% 5	43	0.999998	1e-06	1e-06	
% 5	44	0.999998	1e-06	1e-06	
% 5	45	0.999998	1e-06	1e-06	
% 5	46	0.999998	1e-06	1e-06	
% 5	47	0.999998	1e-06	1e-06	
% 5	48	0.999998	1e-06	1e-06	
% 5	49	0.999998	1e-06	1e-06	
% 5	50	0.966872	1e-06	0.033127	
% 6	51	0.88677	0.113229	1e-06	
% 6	52	0.885102	0.114897	1e-06	
% 6	53	0.846286	0.116711	0.037003	
% 6	54	0.882834	0.117165	1e-06	
% 6	55	0.879902	0.120097	1e-06	
% 6	56	0.879718	0.120281	1e-06	
% 6	57	0.874399	0.1256	1e-06	
% 6	58	0.867806	0.132193	1e-06	
% 6	59	0.859111	0.140888	1e-06	
% 6	60	0.856438	0.143561	1e-06	
% 7	61	0.646755	0.300633	0.052612	
% 7	62	0.606801	0.347917	0.045282	
% 7	63	0.53562	0.389124	0.075256	
% 7	64	0.516166	0.413698	0.070136	
% 7	65	0.491764	0.427709	0.080526	
% 7	66	0.489729	0.43289	0.077381	
% 7	67	0.496613	0.448888	0.054499	
% 7	68	0.507534	0.449426	0.043039	
% 7	69	0.49179	0.452375	0.055835	
% 7	70	0.497178	0.473483	0.029338	
% 8	71	0.560397	0.33546	0.104143	
% 8	72	0.593548	0.349023	0.057429	
% 8	73	0.546032	0.349705	0.104263	
% 8	74	0.548827	0.367312	0.083862	
% 8	75	0.50359	0.378477	0.117933	
% 8	76	0.506111	0.389068	0.104821	
% 8	77	0.51072	0.390979	0.098301	
% 8	78	0.454075	0.411639	0.134286	
% 8	79	0.439697	0.435471	0.124832	
% 8	80	0.388136	0.49676	0.115104	
% 9	81	0.150095	0.849904	1e-06	
% 9	82	0.15294	0.847059	1e-06	
% 9	83	0.155572	0.830621	0.013808	
% 9	84	0.156342	0.843657	1e-06	
% 9	85	0.163548	0.836451	1e-06	
% 9	86	0.175544	0.824455	1e-06	
% 9	87	0.202589	0.79741	1e-06	
% 9	88	0.232109	0.76789	1e-06	
% 9	89	0.358593	0.641406	1e-06	
% 9	90	0.391058	0.608941	1e-06	
% 10	91	0.456505	0.407589	0.135906	
% 10	92	0.465102	0.413953	0.120945	
% 11	93	0.086444	0.556379	0.357177	
% 11	94	0.06387	0.519406	0.416724	
% 12	95	0.149258	0.534091	0.316651	
% 12	96	0.126719	0.504709	0.368571	
% 13	97	0.114333	0.885666	1e-06	
% 13	98	0.133989	0.856787	0.009224	
% 13	99	0.140702	0.859297	1e-06	
% 13	100	0.199299	0.759431	0.04127	
% 13	101	0.222359	0.77764	1e-06	
% 14	102	0.009528	0.833711	0.156761	
% 14	103	0.01492	0.985079	1e-06	
% 14	104	0.020059	0.824659	0.155282	
% 14	105	0.022751	0.96675	0.010499	
% 14	106	0.028921	0.946377	0.024702	
% 14	107	0.029131	0.958075	0.012795	
% 14	108	0.031711	0.924956	0.043333	
% 14	109	0.046606	0.953393	1e-06	
% 14	110	0.052265	0.947734	1e-06	
% 14	111	0.052384	0.947615	1e-06	
% 14	112	0.053624	0.946375	1e-06	
% 14	113	0.054636	0.945363	1e-06	
% 14	114	0.054824	0.945175	1e-06	
% 14	115	0.057845	0.942154	1e-06	
% 14	116	0.057864	0.942135	1e-06	
% 14	117	0.057902	0.942097	1e-06	
% 14	118	0.058177	0.941822	1e-06	
% 14	119	0.05866	0.941339	1e-06	
% 14	120	0.061256	0.938743	1e-06	
% 14	121	0.061998	0.938001	1e-06	
% 14	122	0.062534	0.937465	1e-06	
% 14	123	0.06257	0.937429	1e-06	
% 14	124	0.063037	0.936962	1e-06	
% 14	125	0.063362	0.936637	1e-06	
% 14	126	0.065147	0.934852	1e-06	
% 14	127	0.06531	0.934689	1e-06	
% 14	128	0.065632	0.934367	1e-06	
% 14	129	0.066083	0.933916	1e-06	
% 14	130	0.067839	0.905667	0.026495	
% 14	131	0.068686	0.931313	1e-06	
% 14	132	0.068898	0.930842	0.00026	
% 14	133	0.074393	0.925606	1e-06	
% 14	134	0.08707	0.912929	1e-06	
% 15	135	0.015694	0.984305	1e-06	
% 15	136	0.026361	0.960615	0.013023	
% 16	137	1e-06	0.999998	1e-06	
% 16	138	1e-06	0.999998	1e-06	
% 16	139	1e-06	0.999998	1e-06	
% 16	140	1e-06	0.999998	1e-06	
% 16	141	1e-06	0.999998	1e-06	
% 16	142	1e-06	0.999998	1e-06	
% 16	143	1e-06	0.999998	1e-06	
% 16	144	1e-06	0.999998	1e-06	
% 16	145	1e-06	0.999998	1e-06	
% 16	146	1e-06	0.999998	1e-06	
% 16	147	1e-06	0.999998	1e-06	
% 16	148	1e-06	0.945123	0.054876	
% 16	149	1e-06	0.903139	0.09686	
% 16	150	1e-06	0.868017	0.131982	
% 16	151	1e-06	0.833098	0.166901	
% 16	152	1e-06	0.768811	0.231188	
% 17	153	0.015376	0.984623	1e-06	
% 17	154	0.012928	0.987071	1e-06	
% 17	155	0.010279	0.98972	1e-06	
% 17	156	0.005641	0.994358	1e-06	
% 17	157	0.005253	0.994746	1e-06	
% 17	158	0.004343	0.995656	1e-06	
% 17	159	1e-06	0.999998	1e-06	
% 17	160	1e-06	0.999998	1e-06	
% 17	161	1e-06	0.999998	1e-06	
% 17	162	1e-06	0.999998	1e-06	
% 17	163	0.000235	0.993706	0.006058	
% 17	164	0.007296	0.982039	0.010664	
% 17	165	0.011468	0.928667	0.059865	
% 17	166	1e-06	0.938762	0.061237	
% 17	167	0.016469	0.776318	0.207213	
% 17	168	0.007963	0.73991	0.252127	
% 18	169	1e-06	0.999998	1e-06	
% 18	170	1e-06	0.999998	1e-06	
% 18	171	1e-06	0.997091	0.002908	
% 18	172	1e-06	0.96583	0.034169	
% 18	173	1e-06	0.960478	0.039521	
% 18	174	1e-06	0.959559	0.04044	
% 18	175	1e-06	0.955469	0.04453	
% 18	176	1e-06	0.898375	0.101624	
% 18	177	1e-06	0.862181	0.137818	
% 18	178	0.004454	0.842705	0.152841	
% 18	179	0.0027	0.812967	0.184333	
% 18	180	1e-06	0.75037	0.249629	
% 18	181	0.005859	0.726016	0.268125	
% 18	182	1e-06	0.638443	0.361556	
% 18	183	1e-06	0.605144	0.394855	
% 18	184	1e-06	0.601254	0.398745	
% 19	185	0.003397	0.996602	1e-06	
% 19	186	1e-06	0.894386	0.105613	
% 19	187	0.015104	0.842727	0.142169	
% 19	188	1e-06	0.836906	0.163093	
% 19	189	0.005455	0.824865	0.16968	
% 19	190	1e-06	0.824834	0.175165	
% 19	191	0.001055	0.759672	0.239273	
% 19	192	1e-06	0.752788	0.247211	
% 19	193	1e-06	0.748379	0.25162	
% 19	194	1e-06	0.720336	0.279663	
% 19	195	1e-06	0.715063	0.284936	
% 19	196	1e-06	0.684584	0.315415	
% 19	197	1e-06	0.665368	0.334631	
% 19	198	1e-06	0.623105	0.376894	
% 19	199	1e-06	0.611759	0.38824	
% 19	200	1e-06	0.414817	0.585182	
% 20	201	1e-06	0.804601	0.195398	
% 20	202	0.000692	0.792561	0.206747	
% 20	203	1e-06	0.788453	0.211546	
% 20	204	1e-06	0.771017	0.228982	
% 20	205	0.003037	0.765919	0.231043	
% 20	206	0.000795	0.749199	0.250007	
% 20	207	0.002437	0.736451	0.261112	
% 20	208	1e-06	0.723456	0.276543	
% 20	209	0.00444	0.717218	0.278341	
% 20	210	0.00139	0.688354	0.310256	
% 20	211	1e-06	0.687943	0.312056	
% 20	212	0.005157	0.66768	0.327162	
% 20	213	1e-06	0.669423	0.330576	
% 20	214	0.001898	0.635852	0.36225	
% 20	215	1e-06	0.586884	0.413115	
% 20	216	0.002941	0.521853	0.475205	
% 21	217	0.000216	0.953101	0.046683	
% 21	218	0.005164	0.917524	0.077312	
% 21	219	1e-06	0.917339	0.08266	
% 21	220	1e-06	0.886249	0.11375	
% 21	221	0.000499	0.885049	0.114452	
% 21	222	0.006368	0.824976	0.168656	
% 21	223	0.015786	0.803433	0.180781	
% 21	224	0.018218	0.768316	0.213466	
% 21	225	0.00773	0.74913	0.24314	
% 21	226	0.002404	0.682079	0.315517	
% 21	227	0.009184	0.670631	0.320184	
% 21	228	0.010201	0.662632	0.327167	
% 21	229	0.008762	0.64709	0.344147	
% 21	230	0.005962	0.63333	0.360708	
% 21	231	0.005454	0.59108	0.403466	
% 21	232	0.00815	0.500413	0.491437	
% 22	233	0.008344	0.005611	0.986044	
% 22	234	0.009804	0.076213	0.913983	
% 22	235	0.008585	0.079503	0.911911	
% 22	236	0.008138	0.191595	0.800268	
% 22	237	0.019558	0.220285	0.760157	
% 22	238	0.018116	0.245142	0.736742	
% 22	239	0.020798	0.289016	0.690186	
% 22	240	0.020896	0.314677	0.664427	
% 22	241	0.020594	0.322092	0.657314	
% 22	242	0.017088	0.325965	0.656947	
% 22	243	0.031807	0.344605	0.623588	
% 22	244	0.029766	0.347526	0.622708	
% 22	245	0.012955	0.364587	0.622458	
% 22	246	0.020795	0.366871	0.612334	
% 22	247	0.012627	0.372403	0.61497	
% 22	248	0.011204	0.388284	0.600512	
% 23	249	0.020909	0.598983	0.380108	
% 23	250	0.034258	0.569398	0.396344	
% 23	251	0.021581	0.566669	0.41175	
% 23	252	0.027812	0.548903	0.423285	
% 23	253	0.024737	0.547322	0.427941	
% 23	254	0.029971	0.536198	0.433831	
% 23	255	0.022961	0.542947	0.434092	
% 23	256	0.020436	0.53608	0.443484	
% 23	257	0.018334	0.522464	0.459202	
% 23	258	0.02201	0.517327	0.460663	
% 23	259	0.020505	0.516339	0.463156	
% 23	260	0.015373	0.513305	0.471322	
% 23	261	0.029826	0.496458	0.473715	
% 23	262	0.016016	0.502867	0.481117	
% 23	263	0.049291	0.433765	0.516944	
% 23	264	0.013836	0.314158	0.672006	
% 24	265	0.010322	0.799422	0.190256	
% 24	266	0.016767	0.689591	0.293642	
% 24	267	0.011222	0.687715	0.301064	
% 24	268	0.011392	0.674594	0.314014	
% 24	269	0.004466	0.655046	0.340487	
% 24	270	0.008667	0.650811	0.340522	
% 24	271	1e-06	0.649165	0.350834	
% 24	272	1e-06	0.64132	0.358679	
% 24	273	0.028407	0.591097	0.380496	
% 24	274	0.001807	0.616554	0.381638	
% 24	275	1e-06	0.615773	0.384226	
% 24	276	0.016337	0.598171	0.385492	
% 24	277	0.007562	0.594822	0.397615	
% 24	278	0.009775	0.586182	0.404043	
% 24	279	0.00685	0.586875	0.406276	
% 24	280	0.005083	0.552363	0.442554	
% 25	281	1e-06	0.663361	0.336638	
% 25	282	0.002606	0.644171	0.353224	
% 25	283	0.000237	0.632881	0.366882	
% 25	284	0.007136	0.564273	0.428591	
% 25	285	0.001815	0.474166	0.524019	
% 25	286	0.000768	0.470193	0.529038	
% 25	287	1e-06	0.466697	0.533302	
% 25	288	1e-06	0.429689	0.57031	
% 25	289	1e-06	0.423429	0.57657	
% 25	290	0.004335	0.419717	0.575948	
% 25	291	1e-06	0.414332	0.585667	
% 25	292	1e-06	0.379464	0.620535	
% 25	293	1e-06	0.34916	0.650839	
% 25	294	1e-06	0.333412	0.666587	
% 25	295	1e-06	0.293158	0.706841	
% 25	296	1e-06	0.288605	0.711394	
% 26	297	0.003765	0.514131	0.482104	
% 26	298	0.010333	0.496318	0.493349	
% 26	299	0.005488	0.492335	0.502177	
% 26	300	0.001134	0.480491	0.518376	
% 26	301	1e-06	0.47738	0.522619	
% 26	302	0.012172	0.477357	0.510471	
% 26	303	1e-06	0.476226	0.523773	
% 26	304	0.011472	0.461448	0.527079	
% 26	305	0.003091	0.452528	0.54438	
% 26	306	0.010724	0.451722	0.537554	
% 26	307	0.005523	0.43088	0.563596	
% 26	308	1e-06	0.427495	0.572504	
% 26	309	0.004922	0.419972	0.575106	
% 26	310	0.00319	0.418185	0.578625	
% 26	311	1e-06	0.376516	0.623483	
% 26	312	0.003009	0.329781	0.66721	
% 27	313	0.00093	0.528739	0.470332	
% 27	314	0.000893	0.421618	0.577489	
% 27	315	1e-06	0.397334	0.602665	
% 27	316	1e-06	0.396385	0.603614	
% 27	317	1e-06	0.393597	0.606402	
% 27	318	1e-06	0.288925	0.711074	
% 27	319	1e-06	0.270688	0.729311	
% 27	320	1e-06	0.265442	0.734557	
% 27	321	1e-06	0.249762	0.750237	
% 27	322	1e-06	0.249055	0.750944	
% 27	323	1e-06	0.237958	0.762041	
% 27	324	1e-06	0.18465	0.815349	
% 27	325	1e-06	0.127003	0.872996	
% 27	326	1e-06	0.12237	0.877629	
% 27	327	1e-06	0.083701	0.916298	
% 27	328	1e-06	0.08082	0.919179	
% 28	329	0.018861	0.536781	0.444358	
% 28	330	0.016447	0.517315	0.466237	
% 29	331	1e-06	0.461584	0.538415	
% 29	332	1e-06	0.450811	0.549188	
% 29	333	1e-06	0.422632	0.577367	
% 29	334	0.002293	0.418448	0.579259	
% 29	335	1e-06	0.414373	0.585626	
% 29	336	1e-06	0.371618	0.628381	
% 29	337	1e-06	0.371384	0.628615	
% 29	338	1e-06	0.371187	0.628812	
% 29	339	1e-06	0.367331	0.632668	
% 29	340	1e-06	0.366298	0.633701	
% 29	341	1e-06	0.364127	0.635872	
% 29	342	1e-06	0.3621	0.637899	
% 29	343	1e-06	0.354693	0.645306	
% 29	344	1e-06	0.352306	0.647693	
% 29	345	1e-06	0.346107	0.653892	
% 29	346	1e-06	0.331822	0.668177	
% 30	347	0.001713	0.321591	0.676696	
% 30	348	0.010391	0.296761	0.692848	
% 30	349	0.003866	0.291727	0.704408	
% 30	350	1e-06	0.289677	0.710322	
% 30	351	0.012488	0.268532	0.71898	
% 30	352	0.003398	0.268398	0.728204	
% 30	353	0.011467	0.267433	0.7211	
% 30	354	0.001151	0.25847	0.740379	
% 30	355	1e-06	0.255159	0.74484	
% 30	356	0.00524	0.253796	0.740964	
% 30	357	0.001801	0.244145	0.754054	
% 30	358	0.00321	0.243179	0.753611	
% 30	359	0.001305	0.233609	0.765086	
% 30	360	0.004445	0.227381	0.768174	
% 30	361	0.012233	0.226234	0.761533	
% 30	362	0.004347	0.221178	0.774474	
% 31	363	1e-06	0.214167	0.785832	
% 31	364	0.007313	0.207828	0.784859	
% 31	365	0.002731	0.202634	0.794635	
% 31	366	0.010552	0.194637	0.794811	
% 31	367	0.007597	0.186836	0.805567	
% 31	368	0.014461	0.18577	0.799769	
% 31	369	0.010627	0.154352	0.835021	
% 31	370	1e-06	0.144665	0.855334	
% 31	371	0.006234	0.134549	0.859217	
% 31	372	0.005216	0.134405	0.860378	
% 31	373	0.008663	0.128882	0.862455	
% 31	374	0.010237	0.108709	0.881054	
% 31	375	0.003998	0.102062	0.893941	
% 31	376	0.002212	0.098109	0.899679	
% 31	377	0.008053	0.086268	0.905679	
% 31	378	0.015532	0.081539	0.902929	
% 32	379	0.012286	0.306512	0.681203	
% 32	380	0.006839	0.231497	0.761663	
% 32	381	0.004472	0.219688	0.77584	
% 32	382	1e-06	0.207798	0.792201	
% 32	383	1e-06	0.143904	0.856095	
% 32	384	1e-06	0.143389	0.85661	
% 32	385	1e-06	0.071998	0.928001	
% 32	386	1e-06	0.050824	0.949175	
% 32	387	0.002649	0.024073	0.973277	
% 32	388	1e-06	1e-06	0.999998	
% 32	389	1e-06	1e-06	0.999998	
% 32	390	1e-06	1e-06	0.999998	
% 32	391	1e-06	1e-06	0.999998	
% 32	392	1e-06	1e-06	0.999998	
% 32	393	1e-06	1e-06	0.999998	
% 32	394	0.016551	1e-06	0.983448	
% 33	395	0.000705	0.158214	0.84108	
% 33	396	0.046774	1e-06	0.953225	
% 33	397	0.058067	1e-06	0.941932	
% 33	398	0.072104	1e-06	0.927895	
% 33	399	0.094579	1e-06	0.90542	
% 33	400	0.105584	1e-06	0.894415	
% 33	401	0.112571	1e-06	0.887428	
% 33	402	0.11584	1e-06	0.884159	
% 33	403	0.132965	1e-06	0.867034	
% 34	404	1e-06	1e-06	0.999998	
% 34	405	1e-06	1e-06	0.999998	
% 34	406	1e-06	1e-06	0.999998	
% 34	407	1e-06	1e-06	0.999998	
% 34	408	1e-06	1e-06	0.999998	
% 34	409	1e-06	1e-06	0.999998	
% 34	410	1e-06	1e-06	0.999998	
% 34	411	1e-06	1e-06	0.999998	
% 34	412	1e-06	1e-06	0.999998	


% PARAMETERS
72 500 translate 
1 1 scale
0 rotate
/setrim {1 setlinewidth} def 
/setsep {0.3 setlinewidth} def 
/setind {0.3 setlinewidth} def 
/fh {4} def    	% Font height 
/da {5} def    	% Distance above box at which to print names 
/db {-7} def    	% Distance below box at which to print names 
/bh {50} def    	% Height of the box 
/wi {1.13592} def    	% Width of an individual 
/aato {90} def  	% Angle at which to print text atop box 
/abel {90} def  	% Angle at which to print text below box 
/tot {412} def   	% Total number of individuals 
/Helvetica-Bold findfont fh scalefont setfont 

% ABBREVIATED COMMANDS
/M {moveto} def
/R {rmoveto} def
/L {lineto} def
/V {rlineto} def
/Cfs {closepath fill stroke} def
/rotshow {
  dup dup stringwidth pop abel cos mul neg exch 
  stringwidth pop abel sin mul neg R
  gsave abel rotate show grestore
} def
/bhm {bh mul} def 	% Multiply by height of the box 
/nwi {wi neg} def   	% Negative width of an individual 
/wm {wi mul} def 	% Multiply by width of an individual 
/ru {bhm M wi 0 V 0} def   	% Right-upwards box motion 
/ld {bhm V nwi 0 V Cfs} def	% Left-downwards box closure motion
/bbm {-.3 add 2 div add wm fh 2 div add db M} def       	% Below-box motion
/abm {-.3 add 2 div add wm fh 2 div add bh da add M} def	% Above-box motion
/sc {setrgbcolor} def

% COLORS
/c0 {0.0 0.0 0.0 sc} def    % black 
/c1 {2.1 0.6 0.3 sc} def    % orange 
/c2 {0 0.6 0.9 sc} def      % blue   
/c3 {.9 2.1 0 sc} def       % yellow 
/c4 {1.5 0.6 0.9 sc} def    % pink   
/c5 {.2 .6 .2 sc} def       % green  
/c6 {.5 0 .5 sc} def        % purple 
/c7 {1.2 0.0 0.3 sc} def    % red     
/c8 {0 1 0 sc} def          % light_green 
/c9 {0 0 1 sc} def          % dark_blue 
/c10 {1.2 0 1.8 sc} def     % light_purple 
/c11 {1.5 0.9 0.6 sc} def   % light_yellow 
/c12 {0.7 0.3 0.0 sc} def   % brown 
/c13 {0 1.2 1.8 sc} def     % light_blue 
/c14 {0.5 0.5 0.0 sc} def   % olive_green 
/c15 {1.8 0.6 0.6 sc} def   % peach 
/c16 {0 0.5 0.5 sc} def     % sea_green 
/c17 {.6 .75 .15 sc} def    % yellow_green 
/c18 {0.45 .15 .9 sc} def   % blue_purple  
/c19 {0.15 0.75 0.6 sc} def % blue_green 
/c20 {0.5 setgray} def      % gray 
/c21 {0.05 0.4 0.05 sc} def % dark_green 
/c22 {0.75 setgray} def     % light_gray 
/c23 {1 0 0 sc} def         % red2 
/c24 {0.6 0.9 1.5 sc} def   % light_blue2 
/c25 {1 0.6 0.4 sc} def     % light_orange 
/c26 {0.25 setgray} def     % dark_gray 
/c27 {1.2 0.9 0.9 sc} def   % light_pink 
/c28 {.6 .2 .2 sc} def      % dark_brown 
/c29 {1.6 0.4 0 sc} def     % dark_orange 
/c30 {0.2 0 0.3 sc} def     % dark_purple 
/c31 {1 setgray} def        % white 
/c32 {2.7 .3 0 sc} def      % color32 
/c33 {2.4 .6 0 sc} def      % color33 
/c34 {2.1 .3 .6 sc} def     % color34 
/c35 {1.5 .6 .9 sc} def     % color35 
/c36 {1.2 1.2 .6 sc} def    % color36 
/c37 {1.2 1.2 .9 sc} def    % color37 
/c38 {1.2 .9 .9 sc} def     % color38 
/c39 {.9 1.8 .3 sc} def     % color39 
/c40 {.9 .9 1.2 sc} def     % color40 
/c41 {.9 .6 1.5 sc} def     % color41 
/c42 {.6 2.1 .3 sc} def     % color42 
/c43 {.6 1.8 .6 sc} def     % color43 
/c44 {.6 1.5 .9 sc} def     % color44 
/c45 {.6 1.2 1.2 sc} def    % color45 
/c46 {.6 .9 1.5 sc} def     % color46 
/c47 {.6 .6 1.8 sc} def     % color47 
/c48 {.6 .3 2.1 sc} def     % color48 
/c49 {.3 .6 2.1 sc} def     % color49 
/c50 {0 2.4 .6 sc} def      % color50 
/c51 {0 2.1 .9 sc} def      % color51 
/c52 {0 .9 2.1 sc} def      % color52 
/c53 {.8 .1 .1 sc} def      % color53 
/c54 {.7 .3 0 sc} def       % color54 
/c55 {.7 .2 .1 sc} def      % color55 
/c56 {.7 .1 .2 sc} def      % color56 
/c57 {.6 .4 0 sc} def       % color57 
/c58 {.6 .3 .1 sc} def      % color58 
/c59 {.3 .4 .3 sc} def      % color59 
/c60 {.6 .1 .3 sc} def      % color60 
/c61 {.5 .3 .2 sc} def      % color61 
/c62 {.5 .2 .3 sc} def      % color62 
/c63 {.5 .1 .4 sc} def      % color63 
/c64 {.4 .3 .3 sc} def      % color64 
/c65 {.4 .2 .4 sc} def      % color65 
/c66 {1.2 .4 .4 sc} def     % color66 
/c67 {1.2 .2 .6 sc} def     % color67 
/c68 {1 .8 .2 sc} def       % color68 
/c69 {1 .6 .4 sc} def       % color69 
/c70 {1 .4 .6 sc} def       % color70 
/c100 {0.996094 0.996094 0.996094 sc} def   % color100 
/c101 {0.996094 0.695312 0.695312 sc} def   % color101 
/c102 {0.894531 0.492188 0.492188 sc} def   % color102 
/c103 {0.796875 0.316406 0.316406 sc} def   % color103 
/c104 {0.695312 0.171875 0.171875 sc} def   % color104 
/c105 {0.597656 0.0585938 0.0585938 sc} def % color105 
/c106 {0.894531 0.84375 0.695312 sc} def    % color106 
/c107 {0.761719 0.691406 0.492188 sc} def   % color107 
/c108 {0.636719 0.554688 0.316406 sc} def   % color108 
/c109 {0.519531 0.433594 0.171875 sc} def   % color109 
/c110 {0.417969 0.328125 0.0585938 sc} def  % color110 
/c111 {0.894531 0.996094 0.695312 sc} def   % color111 
/c112 {0.761719 0.894531 0.492188 sc} def   % color112 
/c113 {0.636719 0.796875 0.316406 sc} def   % color113 
/c114 {0.519531 0.695312 0.171875 sc} def   % color114 
/c115 {0.417969 0.597656 0.0585938 sc} def  % color115 
/c116 {0.695312 0.894531 0.996094 sc} def   % color116 
/c117 {0.492188 0.761719 0.894531 sc} def   % color117 
/c118 {0.316406 0.636719 0.796875 sc} def   % color118 
/c119 {0.171875 0.519531 0.695312 sc} def   % color119 
/c120 {0.0585938 0.417969 0.597656 sc} def  % color120 
/c121 {0.746094 0.695312 0.996094 sc} def   % color121 
/c122 {0.558594 0.492188 0.894531 sc} def   % color122 
/c123 {0.394531 0.316406 0.796875 sc} def   % color123 
/c124 {0.257812 0.171875 0.695312 sc} def   % color124 
/c125 {0.148438 0.0585938 0.597656 sc} def  % color125 
/c126 {0.996094 0.996094 0.597656 sc} def   % color126 
/c127 {0.996094 0.996094 0 sc} def          % color127 
/c128 {0.996094 0.796875 0 sc} def          % color128 
/c129 {0.996094 0.597656 0 sc} def          % color129 
/c130 {0.996094 0.398438 0 sc} def          % color130 
/c1001 {0.496094 0.785156 0.496094 sc} def   % Accent_3_qual_1 
/c1002 {0.742188 0.679688 0.828125 sc} def   % Accent_3_qual_2 
/c1003 {0.988281 0.75 0.523438 sc} def       % Accent_3_qual_3 
/c1004 {0.496094 0.785156 0.496094 sc} def   % Accent_4_qual_1 
/c1005 {0.742188 0.679688 0.828125 sc} def   % Accent_4_qual_2 
/c1006 {0.988281 0.75 0.523438 sc} def 	    % Accent_4_qual_3 
/c1007 {0.996094 0.996094 0.597656 sc} def   % Accent_4_qual_4 
/c1008 {0.496094 0.785156 0.496094 sc} def   % Accent_5_qual_1 
/c1009 {0.742188 0.679688 0.828125 sc} def   % Accent_5_qual_2 
/c1010 {0.988281 0.75 0.523438 sc} def 	    % Accent_5_qual_3 
/c1011 {0.996094 0.996094 0.597656 sc} def   % Accent_5_qual_4 
/c1012 {0.21875 0.421875 0.6875 sc} def 	    % Accent_5_qual_5 
/c1013 {0.496094 0.785156 0.496094 sc} def   % Accent_6_qual_1 
/c1014 {0.742188 0.679688 0.828125 sc} def   % Accent_6_qual_2 
/c1015 {0.988281 0.75 0.523438 sc} def 	    % Accent_6_qual_3 
/c1016 {0.996094 0.996094 0.597656 sc} def   % Accent_6_qual_4 
/c1017 {0.21875 0.421875 0.6875 sc} def 	    % Accent_6_qual_5 
/c1018 {0.9375 0.0078125 0.496094 sc} def    % Accent_6_qual_6 
/c1019 {0.496094 0.785156 0.496094 sc} def   % Accent_7_qual_1 
/c1020 {0.742188 0.679688 0.828125 sc} def   % Accent_7_qual_2 
/c1021 {0.988281 0.75 0.523438 sc} def 	    % Accent_7_qual_3 
/c1022 {0.996094 0.996094 0.597656 sc} def   % Accent_7_qual_4 
/c1023 {0.21875 0.421875 0.6875 sc} def 	    % Accent_7_qual_5 
/c1024 {0.9375 0.0078125 0.496094 sc} def    % Accent_7_qual_6 
/c1025 {0.746094 0.355469 0.0898438 sc} def  % Accent_7_qual_7 
/c1026 {0.496094 0.785156 0.496094 sc} def   % Accent_8_qual_1 
/c1027 {0.742188 0.679688 0.828125 sc} def   % Accent_8_qual_2 
/c1028 {0.988281 0.75 0.523438 sc} def 	    % Accent_8_qual_3 
/c1029 {0.996094 0.996094 0.597656 sc} def   % Accent_8_qual_4 
/c1030 {0.21875 0.421875 0.6875 sc} def 	    % Accent_8_qual_5 
/c1031 {0.9375 0.0078125 0.496094 sc} def    % Accent_8_qual_6 
/c1032 {0.746094 0.355469 0.0898438 sc} def  % Accent_8_qual_7 
/c1033 {0.398438 0.398438 0.398438 sc} def   % Accent_8_qual_8 
/c1034 {0.867188 0.917969 0.964844 sc} def   % Blues_3_seq_1 
/c1035 {0.617188 0.789062 0.878906 sc} def   % Blues_3_seq_2 
/c1036 {0.191406 0.507812 0.738281 sc} def   % Blues_3_seq_3 
/c1037 {0.933594 0.949219 0.996094 sc} def   % Blues_4_seq_1 
/c1038 {0.738281 0.839844 0.902344 sc} def   % Blues_4_seq_2 
/c1039 {0.417969 0.679688 0.835938 sc} def   % Blues_4_seq_3 
/c1040 {0.128906 0.441406 0.707031 sc} def   % Blues_4_seq_4 
/c1041 {0.933594 0.949219 0.996094 sc} def   % Blues_5_seq_1 
/c1042 {0.738281 0.839844 0.902344 sc} def   % Blues_5_seq_2 
/c1043 {0.417969 0.679688 0.835938 sc} def   % Blues_5_seq_3 
/c1044 {0.191406 0.507812 0.738281 sc} def   % Blues_5_seq_4 
/c1045 {0.03125 0.316406 0.609375 sc} def    % Blues_5_seq_5 
/c1046 {0.933594 0.949219 0.996094 sc} def   % Blues_6_seq_1 
/c1047 {0.773438 0.855469 0.933594 sc} def   % Blues_6_seq_2 
/c1048 {0.617188 0.789062 0.878906 sc} def   % Blues_6_seq_3 
/c1049 {0.417969 0.679688 0.835938 sc} def   % Blues_6_seq_4 
/c1050 {0.191406 0.507812 0.738281 sc} def   % Blues_6_seq_5 
/c1051 {0.03125 0.316406 0.609375 sc} def    % Blues_6_seq_6 
/c1052 {0.933594 0.949219 0.996094 sc} def   % Blues_7_seq_1 
/c1053 {0.773438 0.855469 0.933594 sc} def   % Blues_7_seq_2 
/c1054 {0.617188 0.789062 0.878906 sc} def   % Blues_7_seq_3 
/c1055 {0.417969 0.679688 0.835938 sc} def   % Blues_7_seq_4 
/c1056 {0.257812 0.570312 0.773438 sc} def   % Blues_7_seq_5 
/c1057 {0.128906 0.441406 0.707031 sc} def   % Blues_7_seq_6 
/c1058 {0.03125 0.269531 0.578125 sc} def    % Blues_7_seq_7 
/c1059 {0.964844 0.980469 0.996094 sc} def   % Blues_8_seq_1 
/c1060 {0.867188 0.917969 0.964844 sc} def   % Blues_8_seq_2 
/c1061 {0.773438 0.855469 0.933594 sc} def   % Blues_8_seq_3 
/c1062 {0.617188 0.789062 0.878906 sc} def   % Blues_8_seq_4 
/c1063 {0.417969 0.679688 0.835938 sc} def   % Blues_8_seq_5 
/c1064 {0.257812 0.570312 0.773438 sc} def   % Blues_8_seq_6 
/c1065 {0.128906 0.441406 0.707031 sc} def   % Blues_8_seq_7 
/c1066 {0.03125 0.269531 0.578125 sc} def    % Blues_8_seq_8 
/c1067 {0.964844 0.980469 0.996094 sc} def   % Blues_9_seq_1 
/c1068 {0.867188 0.917969 0.964844 sc} def   % Blues_9_seq_2 
/c1069 {0.773438 0.855469 0.933594 sc} def   % Blues_9_seq_3 
/c1070 {0.617188 0.789062 0.878906 sc} def   % Blues_9_seq_4 
/c1071 {0.417969 0.679688 0.835938 sc} def   % Blues_9_seq_5 
/c1072 {0.257812 0.570312 0.773438 sc} def   % Blues_9_seq_6 
/c1073 {0.128906 0.441406 0.707031 sc} def   % Blues_9_seq_7 
/c1074 {0.03125 0.316406 0.609375 sc} def    % Blues_9_seq_8 
/c1075 {0.03125 0.1875 0.417969 sc} def 	    % Blues_9_seq_9 
/c1076 {0.84375 0.699219 0.394531 sc} def    % BrBG_3_div_1 
/c1077 {0.957031 0.957031 0.957031 sc} def   % BrBG_3_div_2 
/c1078 {0.351562 0.703125 0.671875 sc} def   % BrBG_3_div_3 
/c1079 {0.648438 0.378906 0.101562 sc} def   % BrBG_4_div_1 
/c1080 {0.871094 0.757812 0.488281 sc} def   % BrBG_4_div_2 
/c1081 {0.5 0.800781 0.753906 sc} def 	    % BrBG_4_div_3 
/c1082 {0.00390625 0.519531 0.441406 sc} def     % BrBG_4_div_4 
/c1083 {0.648438 0.378906 0.101562 sc} def   % BrBG_5_div_1 
/c1084 {0.871094 0.757812 0.488281 sc} def   % BrBG_5_div_2 
/c1085 {0.957031 0.957031 0.957031 sc} def   % BrBG_5_div_3 
/c1086 {0.5 0.800781 0.753906 sc} def 	    % BrBG_5_div_4 
/c1087 {0.00390625 0.519531 0.441406 sc} def     % BrBG_5_div_5 
/c1088 {0.546875 0.316406 0.0390625 sc} def  % BrBG_6_div_1 
/c1089 {0.84375 0.699219 0.394531 sc} def   % BrBG_6_div_2 
/c1090 {0.960938 0.90625 0.761719 sc} def   % BrBG_6_div_3 
/c1091 {0.777344 0.914062 0.894531 sc} def   % BrBG_6_div_4 
/c1092 {0.351562 0.703125 0.671875 sc} def   % BrBG_6_div_5 
/c1093 {0.00390625 0.398438 0.367188 sc} def     % BrBG_6_div_6 
/c1094 {0.546875 0.316406 0.0390625 sc} def  % BrBG_7_div_1 
/c1095 {0.84375 0.699219 0.394531 sc} def   % BrBG_7_div_2 
/c1096 {0.960938 0.90625 0.761719 sc} def   % BrBG_7_div_3 
/c1097 {0.957031 0.957031 0.957031 sc} def   % BrBG_7_div_4 
/c1098 {0.777344 0.914062 0.894531 sc} def   % BrBG_7_div_5 
/c1099 {0.351562 0.703125 0.671875 sc} def   % BrBG_7_div_6 
/c1100 {0.00390625 0.398438 0.367188 sc} def     % BrBG_7_div_7 
/c1101 {0.546875 0.316406 0.0390625 sc} def  % BrBG_8_div_1 
/c1102 {0.746094 0.503906 0.175781 sc} def   % BrBG_8_div_2 
/c1103 {0.871094 0.757812 0.488281 sc} def   % BrBG_8_div_3 
/c1104 {0.960938 0.90625 0.761719 sc} def   % BrBG_8_div_4 
/c1105 {0.777344 0.914062 0.894531 sc} def   % BrBG_8_div_5 
/c1106 {0.5 0.800781 0.753906 sc} def 	    % BrBG_8_div_6 
/c1107 {0.207031 0.589844 0.558594 sc} def   % BrBG_8_div_7 
/c1108 {0.00390625 0.398438 0.367188 sc} def     % BrBG_8_div_8 
/c1109 {0.546875 0.316406 0.0390625 sc} def  % BrBG_9_div_1 
/c1110 {0.746094 0.503906 0.175781 sc} def   % BrBG_9_div_2 
/c1111 {0.871094 0.757812 0.488281 sc} def   % BrBG_9_div_3 
/c1112 {0.960938 0.90625 0.761719 sc} def   % BrBG_9_div_4 
/c1113 {0.957031 0.957031 0.957031 sc} def   % BrBG_9_div_5 
/c1114 {0.777344 0.914062 0.894531 sc} def   % BrBG_9_div_6 
/c1115 {0.5 0.800781 0.753906 sc} def 	    % BrBG_9_div_7 
/c1116 {0.207031 0.589844 0.558594 sc} def   % BrBG_9_div_8 
/c1117 {0.00390625 0.398438 0.367188 sc} def     % BrBG_9_div_9 
/c1118 {0.328125 0.1875 0.0195312 sc} def   % BrBG_10_div_1 
/c1119 {0.546875 0.316406 0.0390625 sc} def  % BrBG_10_div_2 
/c1120 {0.746094 0.503906 0.175781 sc} def   % BrBG_10_div_3 
/c1121 {0.871094 0.757812 0.488281 sc} def   % BrBG_10_div_4 
/c1122 {0.960938 0.90625 0.761719 sc} def   % BrBG_10_div_5 
/c1123 {0.777344 0.914062 0.894531 sc} def   % BrBG_10_div_6 
/c1124 {0.5 0.800781 0.753906 sc} def 	    % BrBG_10_div_7 
/c1125 {0.207031 0.589844 0.558594 sc} def   % BrBG_10_div_8 
/c1126 {0.00390625 0.398438 0.367188 sc} def     % BrBG_10_div_9 
/c1127 {0 0.234375 0.1875 sc} def 	    % BrBG_10_div_10 
/c1128 {0.328125 0.1875 0.0195312 sc} def   % BrBG_11_div_1 
/c1129 {0.546875 0.316406 0.0390625 sc} def  % BrBG_11_div_2 
/c1130 {0.746094 0.503906 0.175781 sc} def   % BrBG_11_div_3 
/c1131 {0.871094 0.757812 0.488281 sc} def   % BrBG_11_div_4 
/c1132 {0.960938 0.90625 0.761719 sc} def   % BrBG_11_div_5 
/c1133 {0.957031 0.957031 0.957031 sc} def   % BrBG_11_div_6 
/c1134 {0.777344 0.914062 0.894531 sc} def   % BrBG_11_div_7 
/c1135 {0.5 0.800781 0.753906 sc} def 	    % BrBG_11_div_8 
/c1136 {0.207031 0.589844 0.558594 sc} def   % BrBG_11_div_9 
/c1137 {0.00390625 0.398438 0.367188 sc} def     % BrBG_11_div_10 
/c1138 {0 0.234375 0.1875 sc} def 	    % BrBG_11_div_11 
/c1139 {0.894531 0.957031 0.972656 sc} def   % BuGn_3_seq_1 
/c1140 {0.597656 0.84375 0.785156 sc} def   % BuGn_3_seq_2 
/c1141 {0.171875 0.632812 0.371094 sc} def   % BuGn_3_seq_3 
/c1142 {0.925781 0.96875 0.980469 sc} def   % BuGn_4_seq_1 
/c1143 {0.695312 0.882812 0.882812 sc} def   % BuGn_4_seq_2 
/c1144 {0.398438 0.757812 0.640625 sc} def   % BuGn_4_seq_3 
/c1145 {0.136719 0.542969 0.269531 sc} def   % BuGn_4_seq_4 
/c1146 {0.925781 0.96875 0.980469 sc} def   % BuGn_5_seq_1 
/c1147 {0.695312 0.882812 0.882812 sc} def   % BuGn_5_seq_2 
/c1148 {0.398438 0.757812 0.640625 sc} def   % BuGn_5_seq_3 
/c1149 {0.171875 0.632812 0.371094 sc} def   % BuGn_5_seq_4 
/c1150 {0 0.425781 0.171875 sc} def 	    % BuGn_5_seq_5 
/c1151 {0.925781 0.96875 0.980469 sc} def   % BuGn_6_seq_1 
/c1152 {0.796875 0.921875 0.898438 sc} def   % BuGn_6_seq_2 
/c1153 {0.597656 0.84375 0.785156 sc} def   % BuGn_6_seq_3 
/c1154 {0.398438 0.757812 0.640625 sc} def   % BuGn_6_seq_4 
/c1155 {0.171875 0.632812 0.371094 sc} def   % BuGn_6_seq_5 
/c1156 {0 0.425781 0.171875 sc} def 	    % BuGn_6_seq_6 
/c1157 {0.925781 0.96875 0.980469 sc} def   % BuGn_7_seq_1 
/c1158 {0.796875 0.921875 0.898438 sc} def   % BuGn_7_seq_2 
/c1159 {0.597656 0.84375 0.785156 sc} def   % BuGn_7_seq_3 
/c1160 {0.398438 0.757812 0.640625 sc} def   % BuGn_7_seq_4 
/c1161 {0.253906 0.679688 0.460938 sc} def   % BuGn_7_seq_5 
/c1162 {0.136719 0.542969 0.269531 sc} def   % BuGn_7_seq_6 
/c1163 {0 0.34375 0.140625 sc} def 	    % BuGn_7_seq_7 
/c1164 {0.964844 0.984375 0.988281 sc} def   % BuGn_8_seq_1 
/c1165 {0.894531 0.957031 0.972656 sc} def   % BuGn_8_seq_2 
/c1166 {0.796875 0.921875 0.898438 sc} def   % BuGn_8_seq_3 
/c1167 {0.597656 0.84375 0.785156 sc} def   % BuGn_8_seq_4 
/c1168 {0.398438 0.757812 0.640625 sc} def   % BuGn_8_seq_5 
/c1169 {0.253906 0.679688 0.460938 sc} def   % BuGn_8_seq_6 
/c1170 {0.136719 0.542969 0.269531 sc} def   % BuGn_8_seq_7 
/c1171 {0 0.34375 0.140625 sc} def 	    % BuGn_8_seq_8 
/c1172 {0.964844 0.984375 0.988281 sc} def   % BuGn_9_seq_1 
/c1173 {0.894531 0.957031 0.972656 sc} def   % BuGn_9_seq_2 
/c1174 {0.796875 0.921875 0.898438 sc} def   % BuGn_9_seq_3 
/c1175 {0.597656 0.84375 0.785156 sc} def   % BuGn_9_seq_4 
/c1176 {0.398438 0.757812 0.640625 sc} def   % BuGn_9_seq_5 
/c1177 {0.253906 0.679688 0.460938 sc} def   % BuGn_9_seq_6 
/c1178 {0.136719 0.542969 0.269531 sc} def   % BuGn_9_seq_7 
/c1179 {0 0.425781 0.171875 sc} def 	    % BuGn_9_seq_8 
/c1180 {0 0.265625 0.105469 sc} def 	    % BuGn_9_seq_9 
/c1181 {0.875 0.921875 0.953125 sc} def 	    % BuPu_3_seq_1 
/c1182 {0.617188 0.734375 0.851562 sc} def   % BuPu_3_seq_2 
/c1183 {0.53125 0.335938 0.652344 sc} def   % BuPu_3_seq_3 
/c1184 {0.925781 0.96875 0.980469 sc} def   % BuPu_4_seq_1 
/c1185 {0.699219 0.800781 0.886719 sc} def   % BuPu_4_seq_2 
/c1186 {0.546875 0.585938 0.773438 sc} def   % BuPu_4_seq_3 
/c1187 {0.53125 0.253906 0.613281 sc} def   % BuPu_4_seq_4 
/c1188 {0.925781 0.96875 0.980469 sc} def   % BuPu_5_seq_1 
/c1189 {0.699219 0.800781 0.886719 sc} def   % BuPu_5_seq_2 
/c1190 {0.546875 0.585938 0.773438 sc} def   % BuPu_5_seq_3 
/c1191 {0.53125 0.335938 0.652344 sc} def   % BuPu_5_seq_4 
/c1192 {0.503906 0.0585938 0.484375 sc} def  % BuPu_5_seq_5 
/c1193 {0.925781 0.96875 0.980469 sc} def   % BuPu_6_seq_1 
/c1194 {0.746094 0.824219 0.898438 sc} def   % BuPu_6_seq_2 
/c1195 {0.617188 0.734375 0.851562 sc} def   % BuPu_6_seq_3 
/c1196 {0.546875 0.585938 0.773438 sc} def   % BuPu_6_seq_4 
/c1197 {0.53125 0.335938 0.652344 sc} def   % BuPu_6_seq_5 
/c1198 {0.503906 0.0585938 0.484375 sc} def  % BuPu_6_seq_6 
/c1199 {0.925781 0.96875 0.980469 sc} def   % BuPu_7_seq_1 
/c1200 {0.746094 0.824219 0.898438 sc} def   % BuPu_7_seq_2 
/c1201 {0.617188 0.734375 0.851562 sc} def   % BuPu_7_seq_3 
/c1202 {0.546875 0.585938 0.773438 sc} def   % BuPu_7_seq_4 
/c1203 {0.546875 0.417969 0.691406 sc} def   % BuPu_7_seq_5 
/c1204 {0.53125 0.253906 0.613281 sc} def   % BuPu_7_seq_6 
/c1205 {0.429688 0.00390625 0.417969 sc} def     % BuPu_7_seq_7 
/c1206 {0.964844 0.984375 0.988281 sc} def   % BuPu_8_seq_1 
/c1207 {0.875 0.921875 0.953125 sc} def 	    % BuPu_8_seq_2 
/c1208 {0.746094 0.824219 0.898438 sc} def   % BuPu_8_seq_3 
/c1209 {0.617188 0.734375 0.851562 sc} def   % BuPu_8_seq_4 
/c1210 {0.546875 0.585938 0.773438 sc} def   % BuPu_8_seq_5 
/c1211 {0.546875 0.417969 0.691406 sc} def   % BuPu_8_seq_6 
/c1212 {0.53125 0.253906 0.613281 sc} def   % BuPu_8_seq_7 
/c1213 {0.429688 0.00390625 0.417969 sc} def     % BuPu_8_seq_8 
/c1214 {0.964844 0.984375 0.988281 sc} def   % BuPu_9_seq_1 
/c1215 {0.875 0.921875 0.953125 sc} def 	    % BuPu_9_seq_2 
/c1216 {0.746094 0.824219 0.898438 sc} def   % BuPu_9_seq_3 
/c1217 {0.617188 0.734375 0.851562 sc} def   % BuPu_9_seq_4 
/c1218 {0.546875 0.585938 0.773438 sc} def   % BuPu_9_seq_5 
/c1219 {0.546875 0.417969 0.691406 sc} def   % BuPu_9_seq_6 
/c1220 {0.53125 0.253906 0.613281 sc} def   % BuPu_9_seq_7 
/c1221 {0.503906 0.0585938 0.484375 sc} def  % BuPu_9_seq_8 
/c1222 {0.300781 0 0.292969 sc} def 	    % BuPu_9_seq_9 
/c1223 {0.105469 0.617188 0.464844 sc} def   % Dark2_3_qual_1 
/c1224 {0.847656 0.371094 0.0078125 sc} def  % Dark2_3_qual_2 
/c1225 {0.457031 0.4375 0.699219 sc} def   % Dark2_3_qual_3 
/c1226 {0.105469 0.617188 0.464844 sc} def   % Dark2_4_qual_1 
/c1227 {0.847656 0.371094 0.0078125 sc} def  % Dark2_4_qual_2 
/c1228 {0.457031 0.4375 0.699219 sc} def   % Dark2_4_qual_3 
/c1229 {0.902344 0.160156 0.539062 sc} def   % Dark2_4_qual_4 
/c1230 {0.105469 0.617188 0.464844 sc} def   % Dark2_5_qual_1 
/c1231 {0.847656 0.371094 0.0078125 sc} def  % Dark2_5_qual_2 
/c1232 {0.457031 0.4375 0.699219 sc} def   % Dark2_5_qual_3 
/c1233 {0.902344 0.160156 0.539062 sc} def   % Dark2_5_qual_4 
/c1234 {0.398438 0.648438 0.117188 sc} def   % Dark2_5_qual_5 
/c1235 {0.105469 0.617188 0.464844 sc} def   % Dark2_6_qual_1 
/c1236 {0.847656 0.371094 0.0078125 sc} def  % Dark2_6_qual_2 
/c1237 {0.457031 0.4375 0.699219 sc} def   % Dark2_6_qual_3 
/c1238 {0.902344 0.160156 0.539062 sc} def   % Dark2_6_qual_4 
/c1239 {0.398438 0.648438 0.117188 sc} def   % Dark2_6_qual_5 
/c1240 {0.898438 0.667969 0.0078125 sc} def  % Dark2_6_qual_6 
/c1241 {0.105469 0.617188 0.464844 sc} def   % Dark2_7_qual_1 
/c1242 {0.847656 0.371094 0.0078125 sc} def  % Dark2_7_qual_2 
/c1243 {0.457031 0.4375 0.699219 sc} def   % Dark2_7_qual_3 
/c1244 {0.902344 0.160156 0.539062 sc} def   % Dark2_7_qual_4 
/c1245 {0.398438 0.648438 0.117188 sc} def   % Dark2_7_qual_5 
/c1246 {0.898438 0.667969 0.0078125 sc} def  % Dark2_7_qual_6 
/c1247 {0.648438 0.460938 0.113281 sc} def   % Dark2_7_qual_7 
/c1248 {0.105469 0.617188 0.464844 sc} def   % Dark2_8_qual_1 
/c1249 {0.847656 0.371094 0.0078125 sc} def  % Dark2_8_qual_2 
/c1250 {0.457031 0.4375 0.699219 sc} def   % Dark2_8_qual_3 
/c1251 {0.902344 0.160156 0.539062 sc} def   % Dark2_8_qual_4 
/c1252 {0.398438 0.648438 0.117188 sc} def   % Dark2_8_qual_5 
/c1253 {0.898438 0.667969 0.0078125 sc} def  % Dark2_8_qual_6 
/c1254 {0.648438 0.460938 0.113281 sc} def   % Dark2_8_qual_7 
/c1255 {0.398438 0.398438 0.398438 sc} def   % Dark2_8_qual_8 
/c1256 {0.875 0.949219 0.855469 sc} def 	    % GnBu_3_seq_1 
/c1257 {0.65625 0.863281 0.707031 sc} def   % GnBu_3_seq_2 
/c1258 {0.261719 0.632812 0.789062 sc} def   % GnBu_3_seq_3 
/c1259 {0.9375 0.972656 0.90625 sc} def 	    % GnBu_4_seq_1 
/c1260 {0.726562 0.890625 0.734375 sc} def   % GnBu_4_seq_2 
/c1261 {0.480469 0.796875 0.765625 sc} def   % GnBu_4_seq_3 
/c1262 {0.167969 0.546875 0.742188 sc} def   % GnBu_4_seq_4 
/c1263 {0.9375 0.972656 0.90625 sc} def 	    % GnBu_5_seq_1 
/c1264 {0.726562 0.890625 0.734375 sc} def   % GnBu_5_seq_2 
/c1265 {0.480469 0.796875 0.765625 sc} def   % GnBu_5_seq_3 
/c1266 {0.261719 0.632812 0.789062 sc} def   % GnBu_5_seq_4 
/c1267 {0.03125 0.40625 0.671875 sc} def   % GnBu_5_seq_5 
/c1268 {0.9375 0.972656 0.90625 sc} def 	    % GnBu_6_seq_1 
/c1269 {0.796875 0.917969 0.769531 sc} def   % GnBu_6_seq_2 
/c1270 {0.65625 0.863281 0.707031 sc} def   % GnBu_6_seq_3 
/c1271 {0.480469 0.796875 0.765625 sc} def   % GnBu_6_seq_4 
/c1272 {0.261719 0.632812 0.789062 sc} def   % GnBu_6_seq_5 
/c1273 {0.03125 0.40625 0.671875 sc} def   % GnBu_6_seq_6 
/c1274 {0.9375 0.972656 0.90625 sc} def 	    % GnBu_7_seq_1 
/c1275 {0.796875 0.917969 0.769531 sc} def   % GnBu_7_seq_2 
/c1276 {0.65625 0.863281 0.707031 sc} def   % GnBu_7_seq_3 
/c1277 {0.480469 0.796875 0.765625 sc} def   % GnBu_7_seq_4 
/c1278 {0.304688 0.699219 0.824219 sc} def   % GnBu_7_seq_5 
/c1279 {0.167969 0.546875 0.742188 sc} def   % GnBu_7_seq_6 
/c1280 {0.03125 0.34375 0.617188 sc} def   % GnBu_7_seq_7 
/c1281 {0.964844 0.984375 0.9375 sc} def   % GnBu_8_seq_1 
/c1282 {0.875 0.949219 0.855469 sc} def 	    % GnBu_8_seq_2 
/c1283 {0.796875 0.917969 0.769531 sc} def   % GnBu_8_seq_3 
/c1284 {0.65625 0.863281 0.707031 sc} def   % GnBu_8_seq_4 
/c1285 {0.480469 0.796875 0.765625 sc} def   % GnBu_8_seq_5 
/c1286 {0.304688 0.699219 0.824219 sc} def   % GnBu_8_seq_6 
/c1287 {0.167969 0.546875 0.742188 sc} def   % GnBu_8_seq_7 
/c1288 {0.03125 0.34375 0.617188 sc} def   % GnBu_8_seq_8 
/c1289 {0.964844 0.984375 0.9375 sc} def   % GnBu_9_seq_1 
/c1290 {0.875 0.949219 0.855469 sc} def 	    % GnBu_9_seq_2 
/c1291 {0.796875 0.917969 0.769531 sc} def   % GnBu_9_seq_3 
/c1292 {0.65625 0.863281 0.707031 sc} def   % GnBu_9_seq_4 
/c1293 {0.480469 0.796875 0.765625 sc} def   % GnBu_9_seq_5 
/c1294 {0.304688 0.699219 0.824219 sc} def   % GnBu_9_seq_6 
/c1295 {0.167969 0.546875 0.742188 sc} def   % GnBu_9_seq_7 
/c1296 {0.03125 0.40625 0.671875 sc} def   % GnBu_9_seq_8 
/c1297 {0.03125 0.25 0.503906 sc} def 	    % GnBu_9_seq_9 
/c1298 {0.894531 0.957031 0.875 sc} def 	    % Greens_3_seq_1 
/c1299 {0.628906 0.847656 0.605469 sc} def   % Greens_3_seq_2 
/c1300 {0.191406 0.636719 0.328125 sc} def   % Greens_3_seq_3 
/c1301 {0.925781 0.96875 0.910156 sc} def   % Greens_4_seq_1 
/c1302 {0.726562 0.890625 0.699219 sc} def   % Greens_4_seq_2 
/c1303 {0.453125 0.765625 0.460938 sc} def   % Greens_4_seq_3 
/c1304 {0.136719 0.542969 0.269531 sc} def   % Greens_4_seq_4 
/c1305 {0.925781 0.96875 0.910156 sc} def   % Greens_5_seq_1 
/c1306 {0.726562 0.890625 0.699219 sc} def   % Greens_5_seq_2 
/c1307 {0.453125 0.765625 0.460938 sc} def   % Greens_5_seq_3 
/c1308 {0.191406 0.636719 0.328125 sc} def   % Greens_5_seq_4 
