0.000001 0.999998 0.000001
0.000001 0.999998 0.000001
0.000001 0.999998 0.000001
0.000001 0.999998 0.000001
0.000001 0.999998 0.000001
0.000001 0.999998 0.000001
0.000001 0.999998 0.000001
0.000001 0.999998 0.000001
0.000001 0.999998 0.000001
0.000001 0.999998 0.000001
0.000001 0.999998 0.000001
0.000001 0.999998 0.000001
0.000001 0.999998 0.000001
0.000001 0.999998 0.000001
0.000001 0.999998 0.000001
0.000001 0.999998 0.000001
0.000001 0.999998 0.000001
0.000001 0.999998 0.000001
0.000001 0.999998 0.000001
0.000001 0.999998 0.000001
0.000001 0.999998 0.000001
0.000001 0.999998 0.000001
0.000001 0.999998 0.000001
0.000001 0.999998 0.000001
0.000001 0.999998 0.000001
0.000001 0.999998 0.000001
0.000001 0.999998 0.000001
0.000001 0.999998 0.000001
0.000001 0.999998 0.000001
0.000001 0.993469 0.006530
0.000001 0.996332 0.003667
0.000001 0.999998 0.000001
0.000001 0.999998 0.000001
0.000001 0.999998 0.000001
0.000001 0.999998 0.000001
0.000001 0.999998 0.000001
0.000001 0.999998 0.000001
0.000001 0.999998 0.000001
0.000001 0.999998 0.000001
0.005878 0.994121 0.000001
0.000001 0.999998 0.000001
0.000001 0.999998 0.000001
0.000001 0.999998 0.000001
0.000001 0.999998 0.000001
0.000001 0.999998 0.000001
0.000001 0.999998 0.000001
0.000001 0.999998 0.000001
0.000001 0.999998 0.000001
0.000001 0.999998 0.000001
0.000001 0.966872 0.033127
0.113229 0.886770 0.000001
0.114897 0.885102 0.000001
0.116711 0.846286 0.037003
0.117165 0.882834 0.000001
0.120097 0.879902 0.000001
0.120281 0.879718 0.000001
0.125600 0.874399 0.000001
0.132193 0.867806 0.000001
0.140888 0.859111 0.000001
0.143561 0.856438 0.000001
0.300633 0.646755 0.052612
0.347917 0.606801 0.045282
0.389124 0.535620 0.075256
0.413698 0.516166 0.070136
0.427709 0.491764 0.080526
0.432890 0.489729 0.077381
0.448888 0.496613 0.054499
0.449426 0.507534 0.043039
0.452375 0.491790 0.055835
0.473483 0.497178 0.029338
0.335460 0.560397 0.104143
0.349023 0.593548 0.057429
0.349705 0.546032 0.104263
0.367312 0.548827 0.083862
0.378477 0.503590 0.117933
0.389068 0.506111 0.104821
0.390979 0.510720 0.098301
0.411639 0.454075 0.134286
0.435471 0.439697 0.124832
0.496760 0.388136 0.115104
0.849904 0.150095 0.000001
0.847059 0.152940 0.000001
0.830621 0.155572 0.013808
0.843657 0.156342 0.000001
0.836451 0.163548 0.000001
0.824455 0.175544 0.000001
0.797410 0.202589 0.000001
0.767890 0.232109 0.000001
0.641406 0.358593 0.000001
0.608941 0.391058 0.000001
0.407589 0.456505 0.135906
0.413953 0.465102 0.120945
0.556379 0.086444 0.357177
0.519406 0.063870 0.416724
0.534091 0.149258 0.316651
0.504709 0.126719 0.368571
0.885666 0.114333 0.000001
0.856787 0.133989 0.009224
0.859297 0.140702 0.000001
0.759431 0.199299 0.041270
0.777640 0.222359 0.000001
0.833711 0.009528 0.156761
0.985079 0.014920 0.000001
0.824659 0.020059 0.155282
0.966750 0.022751 0.010499
0.946377 0.028921 0.024702
0.958075 0.029131 0.012795
0.924956 0.031711 0.043333
0.953393 0.046606 0.000001
0.947734 0.052265 0.000001
0.947615 0.052384 0.000001
0.946375 0.053624 0.000001
0.945363 0.054636 0.000001
0.945175 0.054824 0.000001
0.942154 0.057845 0.000001
0.942135 0.057864 0.000001
0.942097 0.057902 0.000001
0.941822 0.058177 0.000001
0.941339 0.058660 0.000001
0.938743 0.061256 0.000001
0.938001 0.061998 0.000001
0.937465 0.062534 0.000001
0.937429 0.062570 0.000001
0.936962 0.063037 0.000001
0.936637 0.063362 0.000001
0.934852 0.065147 0.000001
0.934689 0.065310 0.000001
0.934367 0.065632 0.000001
0.933916 0.066083 0.000001
0.905667 0.067839 0.026495
0.931313 0.068686 0.000001
0.930842 0.068898 0.000260
0.925606 0.074393 0.000001
0.912929 0.087070 0.000001
0.984305 0.015694 0.000001
0.960615 0.026361 0.013023
0.999998 0.000001 0.000001
0.999998 0.000001 0.000001
0.999998 0.000001 0.000001
0.999998 0.000001 0.000001
0.999998 0.000001 0.000001
0.999998 0.000001 0.000001
0.999998 0.000001 0.000001
0.999998 0.000001 0.000001
0.999998 0.000001 0.000001
0.999998 0.000001 0.000001
0.999998 0.000001 0.000001
0.945123 0.000001 0.054876
0.903139 0.000001 0.096860
0.868017 0.000001 0.131982
0.833098 0.000001 0.166901
0.768811 0.000001 0.231188
0.984623 0.015376 0.000001
0.987071 0.012928 0.000001
0.989720 0.010279 0.000001
0.994358 0.005641 0.000001
0.994746 0.005253 0.000001
0.995656 0.004343 0.000001
0.999998 0.000001 0.000001
0.999998 0.000001 0.000001
0.999998 0.000001 0.000001
0.999998 0.000001 0.000001
0.993706 0.000235 0.006058
0.982039 0.007296 0.010664
0.928667 0.011468 0.059865
0.938762 0.000001 0.061237
0.776318 0.016469 0.207213
0.739910 0.007963 0.252127
0.999998 0.000001 0.000001
0.999998 0.000001 0.000001
0.997091 0.000001 0.002908
0.965830 0.000001 0.034169
0.960478 0.000001 0.039521
0.959559 0.000001 0.040440
0.955469 0.000001 0.044530
0.898375 0.000001 0.101624
0.862181 0.000001 0.137818
0.842705 0.004454 0.152841
0.812967 0.002700 0.184333
0.750370 0.000001 0.249629
0.726016 0.005859 0.268125
0.638443 0.000001 0.361556
0.605144 0.000001 0.394855
0.601254 0.000001 0.398745
0.996602 0.003397 0.000001
0.894386 0.000001 0.105613
0.842727 0.015104 0.142169
0.836906 0.000001 0.163093
0.824865 0.005455 0.169680
0.824834 0.000001 0.175165
0.759672 0.001055 0.239273
0.752788 0.000001 0.247211
0.748379 0.000001 0.251620
0.720336 0.000001 0.279663
0.715063 0.000001 0.284936
0.684584 0.000001 0.315415
0.665368 0.000001 0.334631
0.623105 0.000001 0.376894
0.611759 0.000001 0.388240
0.414817 0.000001 0.585182
0.804601 0.000001 0.195398
0.792561 0.000692 0.206747
0.788453 0.000001 0.211546
0.771017 0.000001 0.228982
0.765919 0.003037 0.231043
0.749199 0.000795 0.250007
0.736451 0.002437 0.261112
0.723456 0.000001 0.276543
0.717218 0.004440 0.278341
0.688354 0.001390 0.310256
0.687943 0.000001 0.312056
0.667680 0.005157 0.327162
0.669423 0.000001 0.330576
0.635852 0.001898 0.362250
0.586884 0.000001 0.413115
0.521853 0.002941 0.475205
0.953101 0.000216 0.046683
0.917524 0.005164 0.077312
0.917339 0.000001 0.082660
0.886249 0.000001 0.113750
0.885049 0.000499 0.114452
0.824976 0.006368 0.168656
0.803433 0.015786 0.180781
0.768316 0.018218 0.213466
0.749130 0.007730 0.243140
0.682079 0.002404 0.315517
0.670631 0.009184 0.320184
0.662632 0.010201 0.327167
0.647090 0.008762 0.344147
0.633330 0.005962 0.360708
0.591080 0.005454 0.403466
0.500413 0.008150 0.491437
0.005611 0.008344 0.986044
0.076213 0.009804 0.913983
0.079503 0.008585 0.911911
0.191595 0.008138 0.800268
0.220285 0.019558 0.760157
0.245142 0.018116 0.736742
0.289016 0.020798 0.690186
0.314677 0.020896 0.664427
0.322092 0.020594 0.657314
0.325965 0.017088 0.656947
0.344605 0.031807 0.623588
0.347526 0.029766 0.622708
0.364587 0.012955 0.622458
0.366871 0.020795 0.612334
0.372403 0.012627 0.614970
0.388284 0.011204 0.600512
0.598983 0.020909 0.380108
0.569398 0.034258 0.396344
0.566669 0.021581 0.411750
0.548903 0.027812 0.423285
0.547322 0.024737 0.427941
0.536198 0.029971 0.433831
0.542947 0.022961 0.434092
0.536080 0.020436 0.443484
0.522464 0.018334 0.459202
0.517327 0.022010 0.460663
0.516339 0.020505 0.463156
0.513305 0.015373 0.471322
0.496458 0.029826 0.473715
0.502867 0.016016 0.481117
0.433765 0.049291 0.516944
0.314158 0.013836 0.672006
0.799422 0.010322 0.190256
0.689591 0.016767 0.293642
0.687715 0.011222 0.301064
0.674594 0.011392 0.314014
0.655046 0.004466 0.340487
0.650811 0.008667 0.340522
0.649165 0.000001 0.350834
0.641320 0.000001 0.358679
0.591097 0.028407 0.380496
0.616554 0.001807 0.381638
0.615773 0.000001 0.384226
0.598171 0.016337 0.385492
0.594822 0.007562 0.397615
0.586182 0.009775 0.404043
0.586875 0.006850 0.406276
0.552363 0.005083 0.442554
0.663361 0.000001 0.336638
0.644171 0.002606 0.353224
0.632881 0.000237 0.366882
0.564273 0.007136 0.428591
0.474166 0.001815 0.524019
0.470193 0.000768 0.529038
0.466697 0.000001 0.533302
0.429689 0.000001 0.570310
0.423429 0.000001 0.576570
0.419717 0.004335 0.575948
0.414332 0.000001 0.585667
0.379464 0.000001 0.620535
0.349160 0.000001 0.650839
0.333412 0.000001 0.666587
0.293158 0.000001 0.706841
0.288605 0.000001 0.711394
0.514131 0.003765 0.482104
0.496318 0.010333 0.493349
0.492335 0.005488 0.502177
0.480491 0.001134 0.518376
0.477380 0.000001 0.522619
0.477357 0.012172 0.510471
0.476226 0.000001 0.523773
0.461448 0.011472 0.527079
0.452528 0.003091 0.544380
0.451722 0.010724 0.537554
0.430880 0.005523 0.563596
0.427495 0.000001 0.572504
0.419972 0.004922 0.575106
0.418185 0.003190 0.578625
0.376516 0.000001 0.623483
0.329781 0.003009 0.667210
0.528739 0.000930 0.470332
0.421618 0.000893 0.577489
0.397334 0.000001 0.602665
0.396385 0.000001 0.603614
0.393597 0.000001 0.606402
0.288925 0.000001 0.711074
0.270688 0.000001 0.729311
0.265442 0.000001 0.734557
0.249762 0.000001 0.750237
0.249055 0.000001 0.750944
0.237958 0.000001 0.762041
0.184650 0.000001 0.815349
0.127003 0.000001 0.872996
0.122370 0.000001 0.877629
0.083701 0.000001 0.916298
0.080820 0.000001 0.919179
0.536781 0.018861 0.444358
0.517315 0.016447 0.466237
0.461584 0.000001 0.538415
0.450811 0.000001 0.549188
0.422632 0.000001 0.577367
0.418448 0.002293 0.579259
0.414373 0.000001 0.585626
0.371618 0.000001 0.628381
0.371384 0.000001 0.628615
0.371187 0.000001 0.628812
0.367331 0.000001 0.632668
0.366298 0.000001 0.633701
0.364127 0.000001 0.635872
0.362100 0.000001 0.637899
0.354693 0.000001 0.645306
0.352306 0.000001 0.647693
0.346107 0.000001 0.653892
0.331822 0.000001 0.668177
0.321591 0.001713 0.676696
0.296761 0.010391 0.692848
0.291727 0.003866 0.704408
0.289677 0.000001 0.710322
0.268532 0.012488 0.718980
0.268398 0.003398 0.728204
0.267433 0.011467 0.721100
0.258470 0.001151 0.740379
0.255159 0.000001 0.744840
0.253796 0.005240 0.740964
0.244145 0.001801 0.754054
0.243179 0.003210 0.753611
0.233609 0.001305 0.765086
0.227381 0.004445 0.768174
0.226234 0.012233 0.761533
0.221178 0.004347 0.774474
0.214167 0.000001 0.785832
0.207828 0.007313 0.784859
0.202634 0.002731 0.794635
0.194637 0.010552 0.794811
0.186836 0.007597 0.805567
0.185770 0.014461 0.799769
0.154352 0.010627 0.835021
0.144665 0.000001 0.855334
0.134549 0.006234 0.859217
0.134405 0.005216 0.860378
0.128882 0.008663 0.862455
0.108709 0.010237 0.881054
0.102062 0.003998 0.893941
0.098109 0.002212 0.899679
0.086268 0.008053 0.905679
0.081539 0.015532 0.902929
0.306512 0.012286 0.681203
0.231497 0.006839 0.761663
0.219688 0.004472 0.775840
0.207798 0.000001 0.792201
0.143904 0.000001 0.856095
0.143389 0.000001 0.856610
0.071998 0.000001 0.928001
0.050824 0.000001 0.949175
0.024073 0.002649 0.973277
0.000001 0.000001 0.999998
0.000001 0.000001 0.999998
0.000001 0.000001 0.999998
0.000001 0.000001 0.999998
0.000001 0.000001 0.999998
0.000001 0.000001 0.999998
0.000001 0.016551 0.983448
0.158214 0.000705 0.841080
0.000001 0.046774 0.953225
0.000001 0.058067 0.941932
0.000001 0.072104 0.927895
0.000001 0.094579 0.905420
0.000001 0.105584 0.894415
0.000001 0.112571 0.887428
0.000001 0.115840 0.884159
0.000001 0.132965 0.867034
0.000001 0.000001 0.999998
0.000001 0.000001 0.999998
0.000001 0.000001 0.999998
0.000001 0.000001 0.999998
0.000001 0.000001 0.999998
0.000001 0.000001 0.999998
0.000001 0.000001 0.999998
0.000001 0.000001 0.999998
0.000001 0.000001 0.999998
