0.041194 0.027019 0.931787
0.052333 0.014025 0.933642
0.040399 0.000324 0.959278
0.034703 0.015456 0.949841
0.033167 0.004543 0.962290
0.034358 0.000010 0.965632
0.036187 0.009147 0.954666
0.049737 0.010950 0.939313
0.045107 0.014811 0.940082
0.051176 0.018787 0.930037
0.044748 0.013166 0.942086
0.044269 0.004926 0.950804
0.028473 0.085896 0.885631
0.029422 0.062750 0.907827
0.031708 0.120527 0.847765
0.038537 0.009715 0.951748
0.050564 0.025997 0.923439
0.035282 0.007927 0.956791
0.038655 0.005785 0.955560
0.042500 0.000010 0.957490
0.041519 0.000105 0.958376
0.033348 0.000010 0.966642
0.040153 0.000010 0.959837
0.032674 0.011570 0.955756
0.033604 0.010406 0.955990
0.025185 0.429789 0.545026
0.034756 0.014748 0.950496
0.028502 0.110309 0.861189
0.037146 0.000010 0.962844
0.037590 0.000010 0.962400
0.038603 0.000010 0.961387
0.036652 0.000010 0.963338
0.055289 0.028703 0.916008
0.014057 0.441047 0.544896
0.029149 0.000010 0.970841
0.051998 0.007571 0.940431
0.037080 0.010532 0.952388
0.035609 0.000010 0.964381
0.042097 0.021082 0.936820
0.034880 0.009079 0.956041
0.043527 0.001197 0.955276
0.043819 0.025110 0.931071
0.038094 0.030268 0.931638
0.043593 0.037274 0.919133
0.045897 0.052846 0.901258
0.039094 0.043791 0.917115
0.038783 0.032301 0.928916
0.040505 0.031328 0.928167
0.043661 0.032273 0.924065
0.043383 0.027963 0.928654
0.044562 0.033088 0.922350
0.041407 0.031824 0.926769
0.035472 0.038349 0.926179
0.040416 0.000411 0.959173
0.039494 0.010559 0.949947
0.040676 0.006407 0.952917
0.042339 0.010806 0.946855
0.041923 0.003340 0.954737
0.039075 0.036043 0.924882
0.039178 0.046602 0.914220
0.045830 0.033338 0.920832
0.040380 0.028517 0.931104
0.039093 0.033892 0.927015
0.045249 0.028943 0.925808
0.044302 0.030981 0.924717
0.041774 0.033010 0.925216
0.045359 0.033220 0.921421
0.039098 0.026229 0.934673
0.037099 0.014710 0.948191
0.047663 0.081912 0.870426
0.046456 0.165349 0.788195
0.042196 0.072678 0.885125
0.043327 0.138507 0.818166
0.041576 0.081681 0.876743
0.038630 0.036668 0.924702
0.043620 0.038711 0.917669
0.044298 0.031663 0.924040
0.046084 0.032054 0.921862
0.000010 0.999980 0.000010
0.132021 0.459001 0.408978
0.000010 0.354069 0.645921
0.000010 0.999980 0.000010
0.000010 0.999980 0.000010
0.999980 0.000010 0.000010
0.147511 0.592419 0.260071
0.999980 0.000010 0.000010
0.000010 0.339902 0.660088
0.002750 0.997240 0.000010
0.999980 0.000010 0.000010
0.131531 0.449372 0.419097
0.000010 0.341285 0.658705
0.000010 0.999980 0.000010
0.000010 0.999980 0.000010
0.999980 0.000010 0.000010
0.149742 0.597614 0.252644
0.999980 0.000010 0.000010
0.000010 0.349551 0.650439
0.048481 0.951509 0.000010
0.000010 0.999980 0.000010
0.046815 0.934289 0.018896
0.033651 0.021001 0.945349
0.067588 0.932402 0.000010
0.033992 0.004014 0.961994
0.000010 0.999980 0.000010
0.040698 0.914871 0.044431
0.000010 0.999980 0.000010
0.064539 0.935451 0.000010
0.000010 0.999980 0.000010
0.071997 0.927993 0.000010
0.044950 0.028739 0.926311
0.033247 0.024943 0.941810
0.073731 0.926259 0.000010
0.033772 0.009284 0.956944
0.000010 0.999980 0.000010
0.052993 0.907392 0.039615
0.000010 0.999980 0.000010
0.036354 0.052826 0.910819
0.085261 0.914729 0.000010
0.038938 0.799948 0.161114
0.025258 0.486205 0.488536
0.033995 0.965995 0.000010
0.999980 0.000010 0.000010
0.029394 0.060942 0.909663
0.020868 0.072833 0.906299
0.000010 0.346723 0.653267
0.999980 0.000010 0.000010
0.092290 0.907700 0.000010
0.044344 0.807389 0.148267
0.025591 0.076024 0.898384
0.021365 0.535153 0.443482
0.033099 0.942497 0.024404
0.999980 0.000010 0.000010
0.024629 0.073691 0.901681
0.015916 0.091590 0.892494
0.000010 0.349109 0.650881
0.035058 0.000010 0.964932
0.999979 0.000011 0.000010
0.066566 0.139868 0.793567
0.034254 0.965736 0.000010
0.024153 0.052340 0.923508
0.000010 0.357667 0.642323
0.000010 0.361053 0.638937
0.242202 0.757788 0.000010
0.083171 0.916819 0.000010
0.000010 0.999980 0.000010
0.057133 0.899388 0.043479
0.000010 0.999980 0.000010
0.999980 0.000010 0.000010
0.064822 0.156449 0.778729
0.022704 0.045601 0.931695
0.000010 0.349275 0.650715
0.000010 0.365459 0.634531
0.319444 0.680546 0.000010
0.087193 0.912797 0.000010
0.000010 0.999980 0.000010
0.061060 0.890178 0.048762
0.000010 0.999980 0.000010
0.999971 0.000019 0.000010
0.000010 0.999980 0.000010
0.000010 0.999980 0.000010
0.000010 0.999980 0.000010
0.999980 0.000010 0.000010
0.000010 0.999980 0.000010
0.075033 0.781561 0.143406
0.999980 0.000010 0.000010
0.000010 0.999980 0.000010
0.000938 0.999052 0.000010
0.000010 0.999980 0.000010
0.999980 0.000010 0.000010
0.000010 0.999980 0.000010
0.077325 0.776106 0.146570
0.000010 0.999980 0.000010
0.052220 0.947770 0.000010
0.041007 0.034638 0.924355
0.000010 0.999980 0.000010
0.044614 0.044528 0.910858
0.025845 0.065898 0.908257
0.000010 0.999980 0.000010
0.000010 0.999980 0.000010
0.000010 0.999980 0.000010
0.585463 0.414527 0.000010
0.000010 0.999980 0.000010
0.043567 0.022441 0.933992
0.077884 0.922106 0.000010
0.043593 0.033509 0.922897
0.000010 0.999980 0.000010
0.992546 0.007444 0.000010
0.007055 0.455336 0.537608
0.018009 0.182550 0.799441
0.018524 0.298509 0.682968
0.091651 0.908339 0.000010
0.996436 0.003554 0.000010
0.000010 0.999980 0.000010
0.999980 0.000010 0.000010
0.008772 0.463451 0.527777
0.001410 0.998580 0.000010
0.000010 0.999980 0.000010
0.000010 0.999980 0.000010
0.000010 0.999980 0.000010
0.079464 0.691083 0.229453
0.999980 0.000010 0.000010
0.999980 0.000010 0.000010
0.022329 0.075466 0.902205
0.000010 0.999980 0.000010
0.000010 0.999980 0.000010
0.071666 0.700488 0.227847
0.968157 0.031833 0.000010
0.999980 0.000010 0.000010
0.021746 0.074977 0.903277
0.998351 0.001639 0.000010
0.035739 0.000010 0.964251
0.000010 0.541084 0.458906
0.000010 0.999980 0.000010
0.056242 0.151569 0.792189
0.152153 0.598627 0.249220
0.000010 0.368483 0.631507
0.049221 0.025920 0.924859
0.000010 0.241373 0.758617
0.017627 0.130935 0.851439
0.000010 0.999980 0.000010
0.048782 0.061032 0.890186
0.150144 0.601477 0.248379
0.970255 0.029735 0.000010
0.033204 0.966786 0.000010
0.028095 0.137952 0.833954
0.027471 0.036648 0.935881
0.000010 0.611992 0.387998
0.012971 0.145358 0.841671
0.024699 0.000010 0.975291
0.146709 0.607918 0.245372
0.146403 0.597869 0.255728
0.055502 0.293400 0.651098
0.044637 0.955353 0.000010
0.014297 0.181610 0.804093
0.000010 0.233715 0.766275
0.006394 0.218884 0.774722
0.000010 0.642655 0.357335
0.026822 0.000010 0.973168
0.147584 0.599245 0.253171
0.153192 0.599004 0.247804
0.069092 0.263267 0.667641
0.999980 0.000010 0.000010
0.000010 0.773889 0.226101
0.762274 0.237716 0.000010
0.148597 0.593789 0.257614
0.151591 0.599729 0.248680
0.006736 0.993254 0.000010
0.000010 0.362377 0.637613
0.034866 0.001374 0.963760
0.999980 0.000010 0.000010
0.000010 0.256733 0.743257
0.002756 0.549356 0.447887
0.772464 0.227526 0.000010
0.150460 0.601678 0.247862
0.147047 0.601456 0.251497
0.006818 0.993172 0.000010
0.032036 0.000010 0.967954
0.027762 0.016784 0.955454
0.034842 0.010632 0.954526
0.034830 0.000010 0.965160
0.030221 0.000010 0.969769
0.035327 0.002069 0.962604
0.028496 0.000010 0.971494
0.033440 0.000010 0.966550
0.031779 0.032582 0.935638
0.032263 0.000010 0.967727
0.031270 0.004440 0.964290
0.028069 0.009027 0.962904
0.026259 0.015668 0.958073
0.037682 0.000135 0.962183
0.034307 0.040924 0.924768
0.034285 0.003519 0.962196
0.033442 0.000010 0.966548
0.028595 0.000010 0.971395
0.033063 0.000010 0.966927
0.037175 0.007329 0.955496
0.033492 0.000010 0.966498
0.032652 0.000010 0.967338
0.038097 0.000010 0.961893
0.024799 0.020719 0.954482
0.033543 0.002562 0.963895
0.029917 0.021879 0.948204
0.036095 0.000010 0.963895
0.028688 0.009279 0.962033
0.030468 0.012160 0.957371
0.036200 0.004929 0.958871
0.036071 0.000010 0.963919
