0.931787 0.027020 0.041193
0.933642 0.014025 0.052333
0.959278 0.000324 0.040398
0.949842 0.015456 0.034702
0.962290 0.004544 0.033166
0.965632 0.000010 0.034358
0.954667 0.009147 0.036186
0.939313 0.010951 0.049736
0.940082 0.014812 0.045106
0.930037 0.018788 0.051176
0.942086 0.013167 0.044747
0.950805 0.004927 0.044269
0.885631 0.085897 0.028472
0.907827 0.062751 0.029422
0.847765 0.120528 0.031707
0.951748 0.009716 0.038536
0.923439 0.025998 0.050563
0.956791 0.007928 0.035281
0.955560 0.005785 0.038655
0.957491 0.000010 0.042499
0.958376 0.000105 0.041519
0.966643 0.000010 0.033347
0.959838 0.000010 0.040152
0.955756 0.011570 0.032673
0.955990 0.010407 0.033603
0.545026 0.429789 0.025185
0.950496 0.014749 0.034755
0.861189 0.110310 0.028501
0.962844 0.000010 0.037146
0.962400 0.000010 0.037590
0.961387 0.000010 0.038603
0.963339 0.000010 0.036651
0.916008 0.028704 0.055289
0.544896 0.441048 0.014057
0.970841 0.000010 0.029149
0.940431 0.007572 0.051997
0.952388 0.010533 0.037079
0.964382 0.000010 0.035608
0.936821 0.021083 0.042096
0.956041 0.009079 0.034880
0.955276 0.001197 0.043526
0.931071 0.025111 0.043818
0.931638 0.030268 0.038094
0.919133 0.037275 0.043592
0.901258 0.052846 0.045896
0.917115 0.043791 0.039093
0.928916 0.032302 0.038782
0.928167 0.031329 0.040504
0.924065 0.032274 0.043661
0.928654 0.027963 0.043383
0.922350 0.033088 0.044561
0.926769 0.031825 0.041406
0.926179 0.038349 0.035471
0.959173 0.000412 0.040415
0.949947 0.010560 0.039493
0.952917 0.006408 0.040675
0.946855 0.010807 0.042338
0.954737 0.003340 0.041923
0.924882 0.036044 0.039074
0.914221 0.046602 0.039177
0.920832 0.033339 0.045829
0.931104 0.028517 0.040379
0.927015 0.033893 0.039092
0.925808 0.028943 0.045248
0.924718 0.030981 0.044301
0.925216 0.033010 0.041774
0.921421 0.033220 0.045359
0.934673 0.026230 0.039097
0.948191 0.014711 0.037098
0.870426 0.081912 0.047662
0.788195 0.165349 0.046455
0.885125 0.072679 0.042196
0.818166 0.138507 0.043327
0.876744 0.081682 0.041575
0.924702 0.036668 0.038629
0.917669 0.038711 0.043619
0.924040 0.031663 0.044297
0.921862 0.032055 0.046083
0.000010 0.999980 0.000010
0.408978 0.459001 0.132021
0.645921 0.354069 0.000010
0.000010 0.999980 0.000010
0.000010 0.999980 0.000010
0.000010 0.000010 0.999980
0.260070 0.592419 0.147511
0.000010 0.000010 0.999980
0.660088 0.339902 0.000010
0.000010 0.997240 0.002750
0.000010 0.000010 0.999980
0.419097 0.449372 0.131531
0.658704 0.341286 0.000010
0.000010 0.999980 0.000010
0.000010 0.999980 0.000010
0.000010 0.000010 0.999980
0.252644 0.597614 0.149743
0.000010 0.000010 0.999980
0.650438 0.349552 0.000010
0.000010 0.951509 0.048481
0.000010 0.999980 0.000010
0.018895 0.934289 0.046816
0.945349 0.021001 0.033650
0.000010 0.932401 0.067589
0.961994 0.004015 0.033991
0.000010 0.999980 0.000010
0.044430 0.914872 0.040699
0.000010 0.999980 0.000010
0.000010 0.935450 0.064540
0.000010 0.999980 0.000010
0.000010 0.927993 0.071997
0.926311 0.028740 0.044950
0.941810 0.024944 0.033246
0.000010 0.926259 0.073731
0.956945 0.009285 0.033771
0.000010 0.999980 0.000010
0.039614 0.907393 0.052993
0.000010 0.999980 0.000010
0.910819 0.052827 0.036354
0.000010 0.914729 0.085261
0.161112 0.799949 0.038938
0.488536 0.486206 0.025258
0.000010 0.965994 0.033996
0.000010 0.000010 0.999980
0.909664 0.060943 0.029394
0.906300 0.072833 0.020867
0.653267 0.346723 0.000010
0.000010 0.000010 0.999980
0.000010 0.907700 0.092290
0.148267 0.807390 0.044344
0.898384 0.076025 0.025591
0.443482 0.535153 0.021365
0.024404 0.942496 0.033099
0.000010 0.000010 0.999980
0.901681 0.073691 0.024628
0.892494 0.091591 0.015915
0.650881 0.349109 0.000010
0.964933 0.000010 0.035057
0.000010 0.000010 0.999980
0.793567 0.139869 0.066565
0.000010 0.965736 0.034254
0.923508 0.052340 0.024152
0.642323 0.357667 0.000010
0.638936 0.361054 0.000010
0.000010 0.757788 0.242202
0.000010 0.916819 0.083171
0.000010 0.999980 0.000010
0.043479 0.899387 0.057133
0.000010 0.999980 0.000010
0.000010 0.000010 0.999980
0.778729 0.156450 0.064821
0.931695 0.045602 0.022703
0.650715 0.349275 0.000010
0.634531 0.365459 0.000010
0.000010 0.680546 0.319444
0.000010 0.912797 0.087193
0.000010 0.999980 0.000010
0.048762 0.890178 0.061060
0.000010 0.999980 0.000010
0.000010 0.000010 0.999980
0.000010 0.999980 0.000010
0.000010 0.999980 0.000010
0.000010 0.999980 0.000010
0.000010 0.000010 0.999980
0.000010 0.999980 0.000010
0.143405 0.781561 0.075034
0.000010 0.000010 0.999980
0.000010 0.999980 0.000010
0.000010 0.999051 0.000939
0.000010 0.999980 0.000010
0.000010 0.000010 0.999980
0.000010 0.999980 0.000010
0.146569 0.776106 0.077325
0.000010 0.999980 0.000010
0.000010 0.947770 0.052220
0.924356 0.034638 0.041006
0.000010 0.999980 0.000010
0.910858 0.044529 0.044614
0.908258 0.065898 0.025844
0.000010 0.999980 0.000010
0.000010 0.999980 0.000010
0.000010 0.999980 0.000010
0.000010 0.414526 0.585464
0.000010 0.999980 0.000010
0.933992 0.022442 0.043566
0.000010 0.922106 0.077884
0.922898 0.033510 0.043592
0.000010 0.999980 0.000010
0.000010 0.007444 0.992546
0.537608 0.455337 0.007055
0.799441 0.182550 0.018009
0.682968 0.298509 0.018523
0.000010 0.908339 0.091651
0.000010 0.003553 0.996437
0.000010 0.999980 0.000010
0.000010 0.000010 0.999980
0.527777 0.463451 0.008771
0.000010 0.998580 0.001410
0.000010 0.999980 0.000010
0.000010 0.999980 0.000010
0.000010 0.999980 0.000010
0.229452 0.691084 0.079464
0.000010 0.000010 0.999980
0.000010 0.000010 0.999980
0.902205 0.075467 0.022328
0.000010 0.999980 0.000010
0.000010 0.999980 0.000010
0.227846 0.700488 0.071666
0.000010 0.031832 0.968158
0.000010 0.000010 0.999980
0.903277 0.074978 0.021745
0.000010 0.001639 0.998351
0.964252 0.000010 0.035738
0.458906 0.541084 0.000010
0.000010 0.999980 0.000010
0.792189 0.151570 0.056241
0.249220 0.598627 0.152153
0.631506 0.368484 0.000010
0.924859 0.025920 0.049221
0.758617 0.241373 0.000010
0.851439 0.130935 0.017626
0.000010 0.999980 0.000010
0.890186 0.061032 0.048781
0.248379 0.601477 0.150145
0.000010 0.029735 0.970255
0.000010 0.966786 0.033204
0.833954 0.137952 0.028094
0.935881 0.036648 0.027470
0.387997 0.611993 0.000010
0.841671 0.145358 0.012970
0.975292 0.000010 0.024698
0.245372 0.607918 0.146710
0.255728 0.597869 0.146403
0.651098 0.293401 0.055501
0.000010 0.955352 0.044638
0.804093 0.181611 0.014296
0.766275 0.233715 0.000010
0.774722 0.218884 0.006394
0.357335 0.642655 0.000010
0.973169 0.000010 0.026821
0.253171 0.599245 0.147584
0.247804 0.599004 0.153192
0.667641 0.263268 0.069091
0.000010 0.000010 0.999980
0.226100 0.773890 0.000010
0.000010 0.237715 0.762275
0.257614 0.593789 0.148598
0.248680 0.599729 0.151591
0.000010 0.993253 0.006737
0.637612 0.362378 0.000010
0.963760 0.001375 0.034865
0.000010 0.000010 0.999980
0.743257 0.256733 0.000010
0.447887 0.549357 0.002756
0.000010 0.227525 0.772465
0.247862 0.601678 0.150460
0.251496 0.601456 0.147048
0.000010 0.993172 0.006818
0.967954 0.000010 0.032036
0.955454 0.016784 0.027761
0.954526 0.010632 0.034842
0.965161 0.000010 0.034829
0.969770 0.000010 0.030220
0.962605 0.002069 0.035326
0.971495 0.000010 0.028495
0.966550 0.000010 0.033440
0.935638 0.032583 0.031778
0.967728 0.000010 0.032262
0.964290 0.004440 0.031270
0.962904 0.009028 0.028068
0.958073 0.015668 0.026258
0.962183 0.000135 0.037681
0.924768 0.040925 0.034307
0.962197 0.003519 0.034284
0.966549 0.000010 0.033441
0.971396 0.000010 0.028594
0.966927 0.000010 0.033063
0.955496 0.007330 0.037174
0.966498 0.000010 0.033492
0.967338 0.000010 0.032652
0.961893 0.000010 0.038097
0.954482 0.020720 0.024798
0.963895 0.002562 0.033542
0.948204 0.021880 0.029916
0.963896 0.000010 0.036094
0.962033 0.009280 0.028687
0.957372 0.012161 0.030467
0.958871 0.004930 0.036199
0.963920 0.000010 0.036070
