0.041196 0.931785 0.027020
0.052335 0.933640 0.014025
0.040400 0.959276 0.000324
0.034705 0.949839 0.015456
0.033168 0.962288 0.004544
0.034360 0.965630 0.000010
0.036188 0.954665 0.009147
0.049738 0.939311 0.010950
0.045109 0.940080 0.014812
0.051178 0.930035 0.018787
0.044749 0.942084 0.013166
0.044271 0.950803 0.004926
0.028474 0.885629 0.085896
0.029424 0.907825 0.062751
0.031709 0.847763 0.120527
0.038538 0.951746 0.009715
0.050565 0.923437 0.025997
0.035284 0.956789 0.007927
0.038657 0.955558 0.005785
0.042501 0.957489 0.000010
0.041521 0.958374 0.000105
0.033349 0.966641 0.000010
0.040155 0.959835 0.000010
0.032676 0.955754 0.011570
0.033606 0.955988 0.010406
0.025186 0.545025 0.429789
0.034757 0.950494 0.014749
0.028503 0.861187 0.110310
0.037148 0.962842 0.000010
0.037592 0.962398 0.000010
0.038605 0.961385 0.000010
0.036653 0.963337 0.000010
0.055291 0.916006 0.028703
0.014058 0.544895 0.441048
0.029151 0.970839 0.000010
0.051999 0.940429 0.007572
0.037081 0.952386 0.010532
0.035611 0.964379 0.000010
0.042099 0.936819 0.021083
0.034882 0.956039 0.009079
0.043529 0.955274 0.001197
0.043821 0.931069 0.025110
0.038096 0.931636 0.030268
0.043594 0.919131 0.037275
0.045898 0.901256 0.052846
0.039096 0.917114 0.043791
0.038784 0.928914 0.032301
0.040506 0.928165 0.031328
0.043663 0.924064 0.032273
0.043385 0.928652 0.027963
0.044564 0.922348 0.033088
0.041408 0.926767 0.031824
0.035474 0.926177 0.038349
0.040418 0.959171 0.000411
0.039496 0.949945 0.010559
0.040678 0.952915 0.006407
0.042340 0.946853 0.010806
0.041925 0.954735 0.003340
0.039077 0.924880 0.036044
0.039179 0.914219 0.046602
0.045831 0.920830 0.033338
0.040381 0.931102 0.028517
0.039094 0.927013 0.033893
0.045250 0.925806 0.028943
0.044303 0.924716 0.030981
0.041776 0.925214 0.033010
0.045361 0.921419 0.033220
0.039099 0.934671 0.026230
0.037101 0.948189 0.014710
0.047664 0.870424 0.081912
0.046457 0.788194 0.165349
0.042198 0.885124 0.072678
0.043329 0.818164 0.138507
0.041577 0.876742 0.081681
0.038632 0.924700 0.036668
0.043622 0.917667 0.038711
0.044299 0.924038 0.031663
0.046085 0.921860 0.032054
0.000010 0.000010 0.999980
0.132022 0.408977 0.459001
0.000010 0.645919 0.354071
0.000010 0.000010 0.999980
0.000010 0.000010 0.999980
0.999980 0.000010 0.000010
0.147511 0.260069 0.592419
0.999980 0.000010 0.000010
0.000010 0.660087 0.339903
0.002749 0.000010 0.997241
0.999980 0.000010 0.000010
0.131532 0.419096 0.449372
0.000010 0.658703 0.341287
0.000010 0.000010 0.999980
0.000010 0.000010 0.999980
0.999980 0.000010 0.000010
0.149743 0.252643 0.597614
0.999980 0.000010 0.000010
0.000010 0.650437 0.349553
0.048481 0.000010 0.951509
0.000010 0.000010 0.999980
0.046816 0.018895 0.934290
0.033652 0.945347 0.021001
0.067588 0.000010 0.932402
0.033994 0.961992 0.004015
0.000010 0.000010 0.999980
0.040698 0.044430 0.914871
0.000010 0.000010 0.999980
0.064539 0.000010 0.935451
0.000010 0.000010 0.999980
0.071997 0.000010 0.927993
0.044952 0.926309 0.028739
0.033249 0.941808 0.024943
0.073731 0.000010 0.926259
0.033773 0.956942 0.009284
0.000010 0.000010 0.999980
0.052993 0.039615 0.907392
0.000010 0.000010 0.999980
0.036356 0.910817 0.052827
0.085261 0.000010 0.914729
0.038939 0.161114 0.799948
0.025259 0.488535 0.486206
0.033995 0.000010 0.965995
0.999980 0.000010 0.000010
0.029396 0.909662 0.060943
0.020869 0.906298 0.072833
0.000010 0.653266 0.346724
0.999980 0.000010 0.000010
0.092290 0.000010 0.907700
0.044344 0.148267 0.807389
0.025593 0.898382 0.076025
0.021366 0.443481 0.535153
0.033099 0.024404 0.942497
0.999980 0.000010 0.000010
0.024630 0.901679 0.073691
0.015917 0.892492 0.091591
0.000010 0.650880 0.349110
0.035060 0.964930 0.000010
0.999980 0.000010 0.000010
0.066567 0.793565 0.139868
0.034254 0.000010 0.965736
0.024154 0.923506 0.052340
0.000010 0.642322 0.357668
0.000010 0.638935 0.361055
0.242202 0.000010 0.757788
0.083171 0.000010 0.916819
0.000010 0.000010 0.999980
0.057133 0.043479 0.899388
0.000010 0.000010 0.999980
0.999980 0.000010 0.000010
0.064823 0.778728 0.156449
0.022705 0.931693 0.045602
0.000010 0.650714 0.349276
0.000010 0.634530 0.365460
0.319444 0.000010 0.680546
0.087193 0.000010 0.912797
0.000010 0.000010 0.999980
0.061060 0.048762 0.890178
0.000010 0.000010 0.999980
0.999980 0.000010 0.000010
0.000010 0.000010 0.999980
0.000010 0.000010 0.999980
0.000010 0.000010 0.999980
0.999980 0.000010 0.000010
0.000010 0.000010 0.999980
0.075034 0.143405 0.781561
0.999980 0.000010 0.000010
0.000010 0.000010 0.999980
0.000938 0.000010 0.999052
0.000010 0.000010 0.999980
0.999980 0.000010 0.000010
0.000010 0.000010 0.999980
0.077325 0.146569 0.776106
0.000010 0.000010 0.999980
0.052220 0.000010 0.947770
0.041008 0.924353 0.034638
0.000010 0.000010 0.999980
0.044616 0.910856 0.044528
0.025846 0.908256 0.065898
0.000010 0.000010 0.999980
0.000010 0.000010 0.999980
0.000010 0.000010 0.999980
0.585464 0.000010 0.414526
0.000010 0.000010 0.999980
0.043569 0.933990 0.022441
0.077884 0.000010 0.922106
0.043595 0.922896 0.033510
0.000010 0.000010 0.999980
0.992546 0.000010 0.007444
0.007056 0.537607 0.455337
0.018011 0.799439 0.182550
0.018525 0.682966 0.298509
0.091651 0.000010 0.908339
0.996437 0.000010 0.003553
0.000010 0.000010 0.999980
0.999980 0.000010 0.000010
0.008773 0.527776 0.463451
0.001409 0.000010 0.998581
0.000010 0.000010 0.999980
0.000010 0.000010 0.999980
0.000010 0.000010 0.999980
0.079465 0.229452 0.691083
0.999980 0.000010 0.000010
0.999980 0.000010 0.000010
0.022330 0.902203 0.075467
0.000010 0.000010 0.999980
0.000010 0.000010 0.999980
0.071666 0.227846 0.700488
0.968158 0.000010 0.031832
0.999980 0.000010 0.000010
0.021748 0.903275 0.074978
0.998351 0.000010 0.001639
0.035740 0.964250 0.000010
0.000010 0.458905 0.541085
0.000010 0.000010 0.999980
0.056243 0.792187 0.151570
0.152154 0.249219 0.598628
0.000010 0.631505 0.368485
0.049223 0.924857 0.025920
0.000010 0.758615 0.241375
0.017628 0.851437 0.130935
0.000010 0.000010 0.999980
0.048784 0.890185 0.061032
0.150145 0.248378 0.601477
0.970255 0.000010 0.029735
0.033204 0.000010 0.966786
0.028096 0.833952 0.137952
0.027473 0.935879 0.036648
0.000010 0.387997 0.611993
0.012972 0.841669 0.145358
0.024701 0.975289 0.000010
0.146710 0.245371 0.607919
0.146403 0.255727 0.597870
0.055503 0.651097 0.293401
0.044638 0.000010 0.955352
0.014298 0.804091 0.181611
0.000010 0.766274 0.233716
0.006396 0.774720 0.218884
0.000010 0.357335 0.642655
0.026823 0.973167 0.000010
0.147585 0.253170 0.599246
0.153193 0.247803 0.599004
0.069093 0.667640 0.263267
0.999980 0.000010 0.000010
0.000010 0.226100 0.773890
0.762275 0.000010 0.237715
0.148598 0.257613 0.593789
0.151592 0.248679 0.599730
0.006736 0.000010 0.993254
0.000010 0.637611 0.362379
0.034868 0.963758 0.001374
0.999980 0.000010 0.000010
0.000010 0.743255 0.256735
0.002757 0.447886 0.549357
0.772465 0.000010 0.227525
0.150461 0.247861 0.601679
0.147048 0.251495 0.601457
0.006818 0.000010 0.993172
0.032038 0.967952 0.000010
0.027764 0.955452 0.016784
0.034844 0.954524 0.010632
0.034831 0.965159 0.000010
0.030222 0.969768 0.000010
0.035328 0.962603 0.002069
0.028497 0.971493 0.000010
0.033442 0.966548 0.000010
0.031781 0.935636 0.032583
0.032264 0.967726 0.000010
0.031272 0.964288 0.004440
0.028070 0.962902 0.009028
0.026261 0.958071 0.015668
0.037684 0.962181 0.000135
0.034309 0.924766 0.040925
0.034286 0.962195 0.003519
0.033444 0.966546 0.000010
0.028597 0.971393 0.000010
0.033065 0.966925 0.000010
0.037176 0.955494 0.007330
0.033494 0.966496 0.000010
0.032654 0.967336 0.000010
0.038099 0.961891 0.000010
0.024800 0.954480 0.020720
0.033545 0.963893 0.002562
0.029919 0.948202 0.021879
0.036096 0.963894 0.000010
0.028689 0.962031 0.009280
0.030470 0.957370 0.012160
0.036201 0.958869 0.004929
0.036072 0.963918 0.000010
