0.931784 0.041194 0.027022
0.933639 0.052334 0.014027
0.959275 0.040399 0.000326
0.949839 0.034703 0.015458
0.962288 0.033167 0.004545
0.965631 0.034359 0.000010
0.954664 0.036187 0.009149
0.939311 0.049737 0.010952
0.940079 0.045107 0.014814
0.930034 0.051177 0.018789
0.942084 0.044748 0.013168
0.950802 0.044270 0.004928
0.885629 0.028473 0.085898
0.907825 0.029423 0.062752
0.847763 0.031708 0.120529
0.951746 0.038537 0.009717
0.923437 0.050564 0.025999
0.956788 0.035283 0.007929
0.955557 0.038656 0.005787
0.957489 0.042501 0.000010
0.958374 0.041520 0.000107
0.966642 0.033348 0.000010
0.959836 0.040154 0.000010
0.955754 0.032675 0.011572
0.955987 0.033605 0.010408
0.545024 0.025185 0.429790
0.950493 0.034756 0.014751
0.861187 0.028502 0.110311
0.962843 0.037147 0.000010
0.962399 0.037591 0.000010
0.961386 0.038604 0.000010
0.963337 0.036653 0.000010
0.916005 0.055290 0.028705
0.544894 0.014057 0.441049
0.970840 0.029150 0.000010
0.940428 0.051998 0.007573
0.952386 0.037080 0.010534
0.964380 0.035610 0.000010
0.936818 0.042098 0.021084
0.956038 0.034881 0.009081
0.955274 0.043527 0.001199
0.931069 0.043819 0.025112
0.931636 0.038095 0.030270
0.919130 0.043593 0.037276
0.901255 0.045897 0.052848
0.917113 0.039094 0.043793
0.928914 0.038783 0.032303
0.928165 0.040505 0.031330
0.924063 0.043662 0.032275
0.928651 0.043384 0.027965
0.922348 0.044562 0.033090
0.926767 0.041407 0.031826
0.926177 0.035473 0.038351
0.959171 0.040416 0.000413
0.949945 0.039494 0.010561
0.952914 0.040676 0.006409
0.946853 0.042339 0.010808
0.954735 0.041924 0.003342
0.924879 0.039075 0.036045
0.914218 0.039178 0.046604
0.920830 0.045830 0.033340
0.931101 0.040380 0.028519
0.927013 0.039093 0.033894
0.925806 0.045249 0.028945
0.924715 0.044302 0.030983
0.925214 0.041775 0.033012
0.921418 0.045360 0.033222
0.934670 0.039098 0.026231
0.948188 0.037099 0.014712
0.870423 0.047663 0.081914
0.788193 0.046456 0.165351
0.885123 0.042197 0.072680
0.818164 0.043328 0.138509
0.876741 0.041576 0.081683
0.924700 0.038631 0.036670
0.917667 0.043620 0.038713
0.924037 0.044298 0.031665
0.921860 0.046084 0.032056
0.000010 0.000010 0.999980
0.408976 0.132021 0.459003
0.645919 0.000010 0.354071
0.000010 0.000010 0.999980
0.000010 0.000010 0.999980
0.000010 0.999980 0.000010
0.260068 0.147510 0.592422
0.000010 0.999980 0.000010
0.660086 0.000010 0.339904
0.000010 0.002750 0.997240
0.000010 0.999980 0.000010
0.419095 0.131530 0.449374
0.658703 0.000010 0.341287
0.000010 0.000010 0.999980
0.000010 0.000010 0.999980
0.000010 0.999980 0.000010
0.252642 0.149742 0.597617
0.000010 0.999980 0.000010
0.650437 0.000010 0.349553
0.000010 0.048481 0.951509
0.000010 0.000010 0.999980
0.018895 0.046815 0.934289
0.945346 0.033651 0.021003
0.000010 0.067588 0.932402
0.961991 0.033992 0.004016
0.000010 0.000010 0.999980
0.044430 0.040698 0.914872
0.000010 0.000010 0.999980
0.000010 0.064539 0.935451
0.000010 0.000010 0.999980
0.000010 0.071997 0.927993
0.926308 0.044951 0.028741
0.941807 0.033247 0.024945
0.000010 0.073731 0.926259
0.956942 0.033772 0.009286
0.000010 0.000010 0.999980
0.039615 0.052993 0.907393
0.000010 0.000010 0.999980
0.910817 0.036355 0.052828
0.000010 0.085261 0.914729
0.161113 0.038938 0.799948
0.488535 0.025258 0.486207
0.000010 0.033995 0.965995
0.000010 0.999980 0.000010
0.909661 0.029395 0.060944
0.906297 0.020868 0.072835
0.653265 0.000010 0.346725
0.000010 0.999980 0.000010
0.000010 0.092290 0.907700
0.148267 0.044344 0.807390
0.898382 0.025592 0.076026
0.443481 0.021366 0.535154
0.024404 0.033099 0.942497
0.000010 0.999980 0.000010
0.901678 0.024629 0.073693
0.892492 0.015916 0.091592
0.650879 0.000010 0.349111
0.964931 0.035059 0.000010
0.000010 0.999980 0.000010
0.793564 0.066566 0.139870
0.000010 0.034254 0.965736
0.923505 0.024153 0.052342
0.642321 0.000010 0.357669
0.638935 0.000010 0.361055
0.000010 0.242202 0.757788
0.000010 0.083171 0.916819
0.000010 0.000010 0.999980
0.043479 0.057133 0.899388
0.000010 0.000010 0.999980
0.000010 0.999980 0.000010
0.778727 0.064822 0.156451
0.931692 0.022704 0.045604
0.650713 0.000010 0.349277
0.634529 0.000010 0.365461
0.000010 0.319444 0.680546
0.000010 0.087193 0.912797
0.000010 0.000010 0.999980
0.048762 0.061060 0.890178
0.000010 0.000010 0.999980
0.000010 0.999980 0.000010
0.000010 0.000010 0.999980
0.000010 0.000010 0.999980
0.000010 0.000010 0.999980
0.000010 0.999980 0.000010
0.000010 0.000010 0.999980
0.143405 0.075033 0.781562
0.000010 0.999980 0.000010
0.000010 0.000010 0.999980
0.000010 0.000938 0.999052
0.000010 0.000010 0.999980
0.000010 0.999980 0.000010
0.000010 0.000010 0.999980
0.146569 0.077325 0.776106
0.000010 0.000010 0.999980
0.000010 0.052220 0.947770
0.924353 0.041007 0.034640
0.000010 0.000010 0.999980
0.910855 0.044615 0.044530
0.908255 0.025845 0.065900
0.000010 0.000010 0.999980
0.000010 0.000010 0.999980
0.000010 0.000010 0.999980
0.000010 0.585464 0.414526
0.000010 0.000010 0.999980
0.933989 0.043567 0.022443
0.000010 0.077884 0.922106
0.922895 0.043594 0.033511
0.000010 0.000010 0.999980
0.000010 0.992546 0.007444
0.537607 0.007055 0.455338
0.799439 0.018010 0.182552
0.682966 0.018524 0.298510
0.000010 0.091651 0.908339
0.000010 0.996436 0.003554
0.000010 0.000010 0.999980
0.000010 0.999980 0.000010
0.527776 0.008772 0.463452
0.000010 0.001410 0.998580
0.000010 0.000010 0.999980
0.000010 0.000010 0.999980
0.000010 0.000010 0.999980
0.229452 0.079464 0.691084
0.000010 0.999980 0.000010
0.000010 0.999980 0.000010
0.902202 0.022329 0.075468
0.000010 0.000010 0.999980
0.000010 0.000010 0.999980
0.227846 0.071666 0.700488
0.000010 0.968158 0.031832
0.000010 0.999980 0.000010
0.903274 0.021746 0.074979
0.000010 0.998351 0.001639
0.964250 0.035740 0.000010
0.458904 0.000010 0.541086
0.000010 0.000010 0.999980
0.792187 0.056242 0.151571
0.249217 0.152152 0.598630
0.631505 0.000010 0.368485
0.924857 0.049222 0.025922
0.758614 0.000010 0.241376
0.851436 0.017627 0.130937
0.000010 0.000010 0.999980
0.890184 0.048782 0.061034
0.248377 0.150144 0.601480
0.000010 0.970255 0.029735
0.000010 0.033204 0.966786
0.833952 0.028095 0.137953
0.935879 0.027471 0.036650
0.387996 0.000010 0.611994
0.841669 0.012971 0.145360
0.975290 0.024700 0.000010
0.245370 0.146709 0.607921
0.255726 0.146402 0.597872
0.651096 0.055502 0.293402
0.000010 0.044637 0.955353
0.804091 0.014297 0.181612
0.766273 0.000010 0.233717
0.774720 0.006395 0.218886
0.357334 0.000010 0.642656
0.973167 0.026823 0.000010
0.253169 0.147583 0.599248
0.247802 0.153191 0.599007
0.667639 0.069092 0.263269
0.000010 0.999980 0.000010
0.226100 0.000010 0.773890
0.000010 0.762275 0.237715
0.257612 0.148597 0.593792
0.248678 0.151590 0.599732
0.000010 0.006736 0.993254
0.637610 0.000010 0.362380
0.963757 0.034867 0.001376
0.000010 0.999980 0.000010
0.743255 0.000010 0.256735
0.447886 0.002757 0.549357
0.000010 0.772465 0.227525
0.247860 0.150459 0.601681
0.251494 0.147047 0.601459
0.000010 0.006818 0.993172
0.967953 0.032037 0.000010
0.955452 0.027762 0.016786
0.954524 0.034843 0.010634
0.965160 0.034830 0.000010
0.969768 0.030222 0.000010
0.962602 0.035327 0.002071
0.971493 0.028497 0.000010
0.966549 0.033441 0.000010
0.935636 0.031780 0.032585
0.967726 0.032264 0.000010
0.964288 0.031271 0.004442
0.962902 0.028069 0.009029
0.958071 0.026260 0.015670
0.962181 0.037682 0.000137
0.924766 0.034308 0.040926
0.962194 0.034285 0.003521
0.966547 0.033443 0.000010
0.971394 0.028596 0.000010
0.966926 0.033064 0.000010
0.955493 0.037175 0.007331
0.966496 0.033494 0.000010
0.967337 0.032653 0.000010
0.961891 0.038099 0.000010
0.954480 0.024799 0.020721
0.963893 0.033543 0.002564
0.948202 0.029917 0.021881
0.963894 0.036096 0.000010
0.962031 0.028688 0.009282
0.957369 0.030469 0.012162
0.958869 0.036200 0.004931
0.963918 0.036072 0.000010
