0.931784 0.027021 0.041195
0.933639 0.014026 0.052334
0.959275 0.000325 0.040399
0.949839 0.015457 0.034704
0.962288 0.004545 0.033167
0.965630 0.000010 0.034360
0.954664 0.009148 0.036188
0.939311 0.010952 0.049737
0.940079 0.014813 0.045108
0.930034 0.018789 0.051177
0.942084 0.013168 0.044748
0.950802 0.004928 0.044270
0.885629 0.085898 0.028473
0.907825 0.062752 0.029423
0.847763 0.120528 0.031709
0.951746 0.009717 0.038537
0.923437 0.025999 0.050565
0.956788 0.007929 0.035283
0.955557 0.005786 0.038656
0.957489 0.000010 0.042501
0.958374 0.000106 0.041520
0.966641 0.000010 0.033349
0.959836 0.000010 0.040154
0.955754 0.011571 0.032675
0.955987 0.010408 0.033605
0.545024 0.429790 0.025186
0.950493 0.014750 0.034757
0.861187 0.110311 0.028502
0.962842 0.000010 0.037148
0.962398 0.000010 0.037592
0.961385 0.000010 0.038605
0.963337 0.000010 0.036653
0.916005 0.028705 0.055290
0.544894 0.441048 0.014058
0.970839 0.000010 0.029151
0.940428 0.007573 0.051999
0.952386 0.010534 0.037081
0.964380 0.000010 0.035610
0.936818 0.021084 0.042098
0.956038 0.009080 0.034881
0.955274 0.001198 0.043528
0.931069 0.025111 0.043820
0.931636 0.030269 0.038095
0.919130 0.037276 0.043594
0.901255 0.052847 0.045898
0.917113 0.043792 0.039095
0.928914 0.032303 0.038784
0.928165 0.031330 0.040505
0.924063 0.032275 0.043662
0.928651 0.027964 0.043384
0.922348 0.033089 0.044563
0.926767 0.031826 0.041408
0.926177 0.038350 0.035473
0.959171 0.000412 0.040417
0.949945 0.010560 0.039495
0.952914 0.006409 0.040677
0.946853 0.010808 0.042340
0.954735 0.003341 0.041924
0.924879 0.036045 0.039076
0.914218 0.046603 0.039179
0.920830 0.033340 0.045831
0.931101 0.028518 0.040381
0.927013 0.033894 0.039093
0.925806 0.028944 0.045250
0.924715 0.030982 0.044303
0.925214 0.033011 0.041775
0.921418 0.033221 0.045360
0.934670 0.026231 0.039099
0.948188 0.014712 0.037100
0.870423 0.081913 0.047664
0.788193 0.165350 0.046457
0.885123 0.072680 0.042197
0.818164 0.138508 0.043328
0.876741 0.081683 0.041576
0.924700 0.036669 0.038631
0.917667 0.038712 0.043621
0.924037 0.031664 0.044298
0.921860 0.032056 0.046085
0.000010 0.999980 0.000010
0.408976 0.459002 0.132022
0.645919 0.354071 0.000010
0.000010 0.999980 0.000010
0.000010 0.999980 0.000010
0.000010 0.000010 0.999980
0.260069 0.592419 0.147512
0.000010 0.000010 0.999980
0.660086 0.339904 0.000010
0.000010 0.997240 0.002750
0.000010 0.000010 0.999980
0.419096 0.449373 0.131532
0.658703 0.341287 0.000010
0.000010 0.999980 0.000010
0.000010 0.999980 0.000010
0.000010 0.000010 0.999980
0.252643 0.597614 0.149743
0.000010 0.000010 0.999980
0.650437 0.349553 0.000010
0.000010 0.951509 0.048481
0.000010 0.999980 0.000010
0.018895 0.934289 0.046816
0.945346 0.021002 0.033652
0.000010 0.932401 0.067589
0.961991 0.004016 0.033993
0.000010 0.999980 0.000010
0.044430 0.914872 0.040699
0.000010 0.999980 0.000010
0.000010 0.935450 0.064540
0.000010 0.999980 0.000010
0.000010 0.927993 0.071997
0.926308 0.028740 0.044951
0.941807 0.024945 0.033248
0.000010 0.926259 0.073731
0.956942 0.009286 0.033773
0.000010 0.999980 0.000010
0.039615 0.907392 0.052993
0.000010 0.999980 0.000010
0.910817 0.052828 0.036355
0.000010 0.914728 0.085262
0.161111 0.799950 0.038939
0.488535 0.486206 0.025259
0.000010 0.965994 0.033996
0.000010 0.000010 0.999980
0.909661 0.060944 0.029395
0.906297 0.072834 0.020869
0.653265 0.346725 0.000010
0.000010 0.000010 0.999980
0.000010 0.907700 0.092290
0.148263 0.807393 0.044344
0.898382 0.076026 0.025592
0.443481 0.535153 0.021366
0.024404 0.942496 0.033100
0.000010 0.000010 0.999980
0.901678 0.073692 0.024629
0.892492 0.091592 0.015917
0.650879 0.349111 0.000010
0.964931 0.000010 0.035059
0.000010 0.000010 0.999980
0.793564 0.139869 0.066566
0.000010 0.965736 0.034254
0.923505 0.052341 0.024154
0.642321 0.357669 0.000010
0.638935 0.361055 0.000010
0.000010 0.757788 0.242202
0.000010 0.916819 0.083171
0.000010 0.999980 0.000010
0.043479 0.899388 0.057134
0.000010 0.999980 0.000010
0.000010 0.000010 0.999980
0.778727 0.156450 0.064822
0.931692 0.045603 0.022705
0.650713 0.349277 0.000010
0.634529 0.365461 0.000010
0.000010 0.680546 0.319444
0.000010 0.912797 0.087193
0.000010 0.999980 0.000010
0.048761 0.890178 0.061061
0.000010 0.999980 0.000010
0.000010 0.000010 0.999980
0.000010 0.999980 0.000010
0.000010 0.999980 0.000010
0.000010 0.999980 0.000010
0.000010 0.000010 0.999980
0.000010 0.999980 0.000010
0.143404 0.781562 0.075034
0.000010 0.000010 0.999980
0.000010 0.999980 0.000010
0.000010 0.999052 0.000938
0.000010 0.999980 0.000010
0.000010 0.000010 0.999980
0.000010 0.999980 0.000010
0.146568 0.776107 0.077325
0.000010 0.999980 0.000010
0.000010 0.947770 0.052220
0.924353 0.034639 0.041008
0.000010 0.999980 0.000010
0.910855 0.044530 0.044615
0.908255 0.065899 0.025846
0.000010 0.999980 0.000010
0.000010 0.999980 0.000010
0.000010 0.999980 0.000010
0.000010 0.414526 0.585464
0.000010 0.999980 0.000010
0.933989 0.022443 0.043568
0.000010 0.922106 0.077884
0.922895 0.033511 0.043594
0.000010 0.999980 0.000010
0.000010 0.007444 0.992546
0.537607 0.455337 0.007056
0.799439 0.182551 0.018010
0.682966 0.298510 0.018524
0.000010 0.908339 0.091651
0.000010 0.003553 0.996437
0.000010 0.999980 0.000010
0.000010 0.000010 0.999980
0.527776 0.463452 0.008772
0.000010 0.998580 0.001410
0.000010 0.999980 0.000010
0.000010 0.999980 0.000010
0.000010 0.999980 0.000010
0.229451 0.691084 0.079465
0.000010 0.000010 0.999980
0.000010 0.000010 0.999980
0.902202 0.075468 0.022330
0.000010 0.999980 0.000010
0.000010 0.999980 0.000010
0.227845 0.700488 0.071666
0.000010 0.031832 0.968158
0.000010 0.000010 0.999980
0.903274 0.074979 0.021747
0.000010 0.001639 0.998351
0.964250 0.000010 0.035740
0.458904 0.541086 0.000010
0.000010 0.999980 0.000010
0.792187 0.151571 0.056243
0.249218 0.598628 0.152154
0.631505 0.368485 0.000010
0.924857 0.025921 0.049222
0.758615 0.241375 0.000010
0.851436 0.130936 0.017628
0.000010 0.999980 0.000010
0.890184 0.061033 0.048783
0.248378 0.601477 0.150145
0.000010 0.029735 0.970255
0.000010 0.966786 0.033204
0.833952 0.137953 0.028096
0.935879 0.036649 0.027472
0.387996 0.611994 0.000010
0.841669 0.145359 0.012972
0.975290 0.000010 0.024700
0.245371 0.607919 0.146710
0.255727 0.597870 0.146404
0.651096 0.293401 0.055502
0.000010 0.955352 0.044638
0.804091 0.181612 0.014297
0.766273 0.233717 0.000010
0.774720 0.218885 0.006395
0.357334 0.642656 0.000010
0.973167 0.000010 0.026823
0.253169 0.599246 0.147585
0.247803 0.599004 0.153193
0.667639 0.263268 0.069092
0.000010 0.000010 0.999980
0.226099 0.773891 0.000010
0.000010 0.237715 0.762275
0.257612 0.593789 0.148598
0.248679 0.599730 0.151592
0.000010 0.993253 0.006737
0.637611 0.362379 0.000010
0.963757 0.001375 0.034867
0.000010 0.000010 0.999980
0.743255 0.256735 0.000010
0.447886 0.549357 0.002757
0.000010 0.227525 0.772465
0.247860 0.601679 0.150461
0.251495 0.601457 0.147048
0.000010 0.993172 0.006818
0.967952 0.000010 0.032038
0.955452 0.016785 0.027763
0.954524 0.010633 0.034843
0.965159 0.000010 0.034831
0.969768 0.000010 0.030222
0.962602 0.002070 0.035328
0.971493 0.000010 0.028497
0.966549 0.000010 0.033441
0.935636 0.032584 0.031780
0.967726 0.000010 0.032264
0.964288 0.004441 0.031271
0.962902 0.009029 0.028069
0.958071 0.015669 0.026260
0.962181 0.000137 0.037683
0.924766 0.040926 0.034308
0.962194 0.003520 0.034286
0.966547 0.000010 0.033443
0.971394 0.000010 0.028596
0.966925 0.000010 0.033065
0.955493 0.007331 0.037176
0.966496 0.000010 0.033494
0.967336 0.000010 0.032654
0.961891 0.000010 0.038099
0.954480 0.020721 0.024799
0.963893 0.002563 0.033544
0.948202 0.021881 0.029918
0.963894 0.000010 0.036096
0.962031 0.009281 0.028688
0.957369 0.012162 0.030469
0.958869 0.004931 0.036201
0.963918 0.000010 0.036072
