0.931786 0.027021 0.041194
0.933640 0.014027 0.052332
0.959277 0.000325 0.040398
0.949842 0.015455 0.034703
0.962290 0.004544 0.033166
0.965632 0.000010 0.034358
0.954666 0.009148 0.036186
0.939313 0.010951 0.049736
0.940081 0.014812 0.045107
0.930036 0.018788 0.051176
0.942086 0.013167 0.044747
0.950804 0.004927 0.044269
0.885631 0.085897 0.028472
0.907827 0.062751 0.029422
0.847765 0.120528 0.031708
0.951748 0.009716 0.038536
0.923439 0.025998 0.050563
0.956790 0.007928 0.035282
0.955559 0.005787 0.038655
0.957491 0.000010 0.042499
0.958376 0.000105 0.041519
0.966643 0.000010 0.033347
0.959837 0.000010 0.040153
0.955756 0.011570 0.032674
0.955990 0.010406 0.033604
0.545024 0.429790 0.025185
0.950495 0.014750 0.034755
0.861188 0.110310 0.028501
0.962844 0.000010 0.037146
0.962400 0.000010 0.037590
0.961387 0.000010 0.038603
0.963338 0.000010 0.036652
0.916007 0.028705 0.055289
0.544894 0.441049 0.014057
0.970841 0.000010 0.029149
0.940430 0.007572 0.051997
0.952388 0.010533 0.037079
0.964381 0.000010 0.035609
0.936820 0.021083 0.042097
0.956040 0.009080 0.034880
0.955276 0.001198 0.043526
0.931070 0.025111 0.043819
0.931638 0.030269 0.038094
0.919132 0.037275 0.043592
0.901257 0.052847 0.045896
0.917115 0.043791 0.039094
0.928915 0.032303 0.038782
0.928167 0.031329 0.040504
0.924065 0.032274 0.043661
0.928653 0.027964 0.043383
0.922350 0.033089 0.044562
0.926768 0.031826 0.041406
0.926179 0.038349 0.035472
0.959173 0.000412 0.040416
0.949947 0.010560 0.039494
0.952916 0.006408 0.040675
0.946854 0.010807 0.042338
0.954736 0.003341 0.041923
0.924881 0.036044 0.039075
0.914220 0.046603 0.039177
0.920831 0.033340 0.045829
0.931103 0.028517 0.040379
0.927014 0.033894 0.039092
0.925808 0.028944 0.045248
0.924717 0.030982 0.044301
0.925216 0.033011 0.041774
0.921419 0.033222 0.045359
0.934672 0.026231 0.039097
0.948190 0.014712 0.037098
0.870425 0.081912 0.047662
0.788195 0.165349 0.046456
0.885125 0.072678 0.042196
0.818165 0.138508 0.043327
0.876743 0.081682 0.041575
0.924702 0.036669 0.038630
0.917669 0.038712 0.043620
0.924039 0.031664 0.044297
0.921861 0.032055 0.046083
0.000010 0.999980 0.000010
0.408979 0.458998 0.132024
0.645921 0.354069 0.000010
0.000010 0.999980 0.000010
0.000010 0.999980 0.000010
0.000010 0.000010 0.999980
0.260074 0.592411 0.147514
0.000010 0.000010 0.999980
0.660088 0.339902 0.000010
0.000010 0.997239 0.002751
0.000010 0.000010 0.999980
0.419098 0.449368 0.131533
0.658705 0.341285 0.000010
0.000010 0.999980 0.000010
0.000010 0.999980 0.000010
0.000010 0.000010 0.999980
0.252648 0.597606 0.149746
0.000010 0.000010 0.999980
0.650439 0.349551 0.000010
0.000010 0.951508 0.048482
0.000010 0.999980 0.000010
0.018897 0.934286 0.046817
0.945349 0.021001 0.033650
0.000010 0.932400 0.067590
0.961993 0.004015 0.033991
0.000010 0.999980 0.000010
0.044432 0.914868 0.040700
0.000010 0.999980 0.000010
0.000010 0.935449 0.064541
0.000010 0.999980 0.000010
0.000010 0.927992 0.071998
0.926310 0.028739 0.044950
0.941809 0.024944 0.033247
0.000010 0.926258 0.073732
0.956944 0.009285 0.033771
0.000010 0.999980 0.000010
0.039616 0.907389 0.052994
0.000010 0.999980 0.000010
0.910819 0.052827 0.036354
0.000010 0.914727 0.085263
0.161113 0.799948 0.038940
0.488534 0.486207 0.025258
0.000010 0.965993 0.033997
0.000010 0.000010 0.999980
0.909663 0.060943 0.029394
0.906299 0.072833 0.020868
0.653268 0.346722 0.000010
0.000010 0.000010 0.999980
0.000010 0.907699 0.092291
0.148266 0.807389 0.044345
0.898384 0.076025 0.025591
0.443479 0.535155 0.021366
0.024406 0.942494 0.033101
0.000010 0.000010 0.999980
0.901680 0.073692 0.024628
0.892494 0.091591 0.015916
0.650882 0.349108 0.000010
0.964932 0.000010 0.035058
0.000010 0.000010 0.999980
0.793566 0.139868 0.066565
0.000010 0.965735 0.034255
0.923507 0.052340 0.024152
0.642323 0.357667 0.000010
0.638937 0.361053 0.000010
0.000010 0.757786 0.242204
0.000010 0.916818 0.083172
0.000010 0.999980 0.000010
0.043481 0.899385 0.057135
0.000010 0.999980 0.000010
0.000010 0.000010 0.999980
0.778729 0.156450 0.064821
0.931694 0.045602 0.022704
0.650715 0.349275 0.000010
0.634531 0.365459 0.000010
0.000010 0.680544 0.319446
0.000010 0.912796 0.087194
0.000010 0.999980 0.000010
0.048763 0.890175 0.061062
0.000010 0.999980 0.000010
0.000010 0.000010 0.999980
0.000010 0.999980 0.000010
0.000010 0.999980 0.000010
0.000010 0.999980 0.000010
0.000010 0.000010 0.999980
0.000010 0.999980 0.000010
0.143407 0.781558 0.075035
0.000010 0.000010 0.999980
0.000010 0.999980 0.000010
0.000010 0.999050 0.000940
0.000010 0.999980 0.000010
0.000010 0.000010 0.999980
0.000010 0.999980 0.000010
0.146570 0.776104 0.077327
0.000010 0.999980 0.000010
0.000010 0.947769 0.052221
0.924355 0.034638 0.041007
0.000010 0.999980 0.000010
0.910857 0.044529 0.044614
0.908257 0.065898 0.025845
0.000010 0.999980 0.000010
0.000010 0.999980 0.000010
0.000010 0.999980 0.000010
0.000010 0.414524 0.585466
0.000010 0.999980 0.000010
0.933991 0.022443 0.043566
0.000010 0.922104 0.077886
0.922897 0.033510 0.043593
0.000010 0.999980 0.000010
0.000010 0.007442 0.992548
0.537607 0.455338 0.007055
0.799441 0.182550 0.018009
0.682967 0.298509 0.018524
0.000010 0.908338 0.091652
0.000010 0.003551 0.996439
0.000010 0.999980 0.000010
0.000010 0.000010 0.999980
0.527776 0.463452 0.008772
0.000010 0.998579 0.001411
0.000010 0.999980 0.000010
0.000010 0.999980 0.000010
0.000010 0.999980 0.000010
0.229450 0.691084 0.079466
0.000010 0.000010 0.999980
0.000010 0.000010 0.999980
0.902205 0.075466 0.022329
0.000010 0.999980 0.000010
0.000010 0.999980 0.000010
0.227847 0.700485 0.071667
0.000010 0.031830 0.968160
0.000010 0.000010 0.999980
0.903276 0.074978 0.021746
0.000010 0.001637 0.998353
0.964251 0.000010 0.035739
0.458905 0.541085 0.000010
0.000010 0.999980 0.000010
0.792188 0.151570 0.056242
0.249224 0.598619 0.152157
0.631507 0.368483 0.000010
0.924858 0.025921 0.049221
0.758617 0.241373 0.000010
0.851439 0.130935 0.017627
0.000010 0.999980 0.000010
0.890186 0.061032 0.048782
0.248383 0.601469 0.150148
0.000010 0.029733 0.970257
0.000010 0.966785 0.033205
0.833953 0.137953 0.028094
0.935881 0.036648 0.027471
0.387996 0.611994 0.000010
0.841671 0.145358 0.012971
0.975291 0.000010 0.024699
0.245376 0.607911 0.146713
0.255732 0.597861 0.146406
0.651097 0.293402 0.055501
0.000010 0.955351 0.044639
0.804093 0.181611 0.014296
0.766275 0.233715 0.000010
0.774722 0.218884 0.006394
0.357334 0.642656 0.000010
0.973169 0.000010 0.026821
0.253175 0.599238 0.147588
0.247808 0.598996 0.153196
0.667640 0.263268 0.069092
0.000010 0.000010 0.999980
0.226098 0.773892 0.000010
0.000010 0.237713 0.762277
0.257618 0.593781 0.148601
0.248684 0.599721 0.151595
0.000010 0.993252 0.006738
0.637613 0.362377 0.000010
0.963759 0.001375 0.034866
0.000010 0.000010 0.999980
0.743257 0.256733 0.000010
0.447886 0.549357 0.002757
0.000010 0.227523 0.772467
0.247866 0.601670 0.150464
0.251501 0.601448 0.147051
0.000010 0.993171 0.006819
0.967954 0.000010 0.032036
0.955454 0.016785 0.027762
0.954526 0.010632 0.034842
0.965161 0.000010 0.034829
0.969770 0.000010 0.030220
0.962604 0.002070 0.035326
0.971494 0.000010 0.028496
0.966550 0.000010 0.033440
0.935638 0.032583 0.031779
0.967728 0.000010 0.032262
0.964289 0.004441 0.031270
0.962904 0.009028 0.028068
0.958072 0.015669 0.026259
0.962183 0.000136 0.037682
0.924768 0.040925 0.034307
0.962196 0.003520 0.034284
0.966548 0.000010 0.033442
0.971395 0.000010 0.028595
0.966927 0.000010 0.033063
0.955495 0.007330 0.037174
0.966498 0.000010 0.033492
0.967338 0.000010 0.032652
0.961893 0.000010 0.038097
0.954482 0.020721 0.024798
0.963895 0.002563 0.033543
0.948203 0.021880 0.029916
0.963896 0.000010 0.036094
0.962032 0.009281 0.028687
0.957371 0.012161 0.030468
0.958871 0.004930 0.036199
0.963920 0.000010 0.036070
