0.041195 0.027020 0.931785
0.052334 0.014025 0.933640
0.040400 0.000324 0.959276
0.034704 0.015456 0.949840
0.033168 0.004544 0.962289
0.034360 0.000010 0.965630
0.036188 0.009147 0.954665
0.049738 0.010951 0.939312
0.045108 0.014812 0.940080
0.051177 0.018787 0.930035
0.044748 0.013167 0.942085
0.044270 0.004927 0.950803
0.028474 0.085896 0.885630
0.029423 0.062751 0.907826
0.031709 0.120527 0.847764
0.038538 0.009716 0.951747
0.050565 0.025997 0.923438
0.035283 0.007927 0.956789
0.038656 0.005785 0.955559
0.042501 0.000010 0.957489
0.041520 0.000105 0.958375
0.033349 0.000010 0.966641
0.040154 0.000010 0.959836
0.032675 0.011570 0.955755
0.033605 0.010406 0.955988
0.025186 0.429789 0.545025
0.034757 0.014749 0.950494
0.028503 0.110310 0.861188
0.037147 0.000010 0.962843
0.037591 0.000010 0.962399
0.038604 0.000010 0.961386
0.036653 0.000010 0.963337
0.055290 0.028703 0.916006
0.014058 0.441048 0.544895
0.029151 0.000010 0.970839
0.051999 0.007572 0.940429
0.037081 0.010533 0.952387
0.035610 0.000010 0.964380
0.042098 0.021083 0.936819
0.034881 0.009079 0.956039
0.043528 0.001197 0.955275
0.043820 0.025110 0.931070
0.038095 0.030268 0.931637
0.043594 0.037275 0.919132
0.045898 0.052846 0.901256
0.039095 0.043791 0.917114
0.038784 0.032302 0.928915
0.040505 0.031329 0.928166
0.043662 0.032274 0.924064
0.043384 0.027963 0.928652
0.044563 0.033088 0.922349
0.041408 0.031824 0.926768
0.035473 0.038349 0.926178
0.040417 0.000411 0.959172
0.039495 0.010559 0.949946
0.040677 0.006408 0.952916
0.042340 0.010807 0.946854
0.041924 0.003340 0.954736
0.039076 0.036044 0.924880
0.039179 0.046602 0.914219
0.045831 0.033338 0.920831
0.040381 0.028517 0.931102
0.039093 0.033893 0.927014
0.045250 0.028943 0.925807
0.044303 0.030981 0.924716
0.041775 0.033010 0.925215
0.045360 0.033220 0.921420
0.039099 0.026230 0.934671
0.037100 0.014710 0.948189
0.047664 0.081912 0.870424
0.046457 0.165349 0.788194
0.042197 0.072679 0.885124
0.043328 0.138507 0.818165
0.041576 0.081681 0.876742
0.038631 0.036668 0.924701
0.043621 0.038711 0.917668
0.044298 0.031663 0.924038
0.046085 0.032054 0.921861
0.000010 0.999980 0.000010
0.132022 0.459001 0.408977
0.000010 0.354070 0.645920
0.000010 0.999980 0.000010
0.000010 0.999980 0.000010
0.999980 0.000010 0.000010
0.147512 0.592418 0.260070
0.999980 0.000010 0.000010
0.000010 0.339903 0.660087
0.002750 0.997240 0.000010
0.999979 0.000011 0.000010
0.131532 0.449371 0.419097
0.000010 0.341286 0.658704
0.000010 0.999980 0.000010
0.000010 0.999980 0.000010
0.999980 0.000010 0.000010
0.149743 0.597613 0.252644
0.999971 0.000019 0.000010
0.000010 0.349552 0.650438
0.048481 0.951509 0.000010
0.000010 0.999980 0.000010
0.046816 0.934289 0.018895
0.033652 0.021001 0.945347
0.067589 0.932401 0.000010
0.033993 0.004015 0.961992
0.000012 0.999978 0.000010
0.040699 0.914871 0.044430
0.000010 0.999980 0.000010
0.064540 0.935450 0.000010
0.000010 0.999980 0.000010
0.071997 0.927993 0.000010
0.044951 0.028739 0.926309
0.033248 0.024944 0.941808
0.073731 0.926259 0.000010
0.033773 0.009284 0.956943
0.000010 0.999980 0.000010
0.052993 0.907392 0.039615
0.000010 0.999980 0.000010
0.036355 0.052827 0.910818
0.085262 0.914728 0.000010
0.038939 0.799947 0.161114
0.025259 0.486205 0.488536
0.033996 0.965994 0.000010
0.999980 0.000010 0.000010
0.029395 0.060943 0.909662
0.020869 0.072833 0.906298
0.000010 0.346724 0.653266
0.999980 0.000010 0.000010
0.092290 0.907700 0.000010
0.044344 0.807389 0.148267
0.025592 0.076025 0.898383
0.021366 0.535152 0.443481
0.033100 0.942496 0.024404
0.999980 0.000010 0.000010
0.024630 0.073691 0.901679
0.015917 0.091591 0.892493
0.000010 0.349110 0.650880
0.035059 0.000010 0.964931
0.999980 0.000010 0.000010
0.066566 0.139868 0.793565
0.034254 0.965736 0.000010
0.024154 0.052340 0.923506
0.000010 0.357668 0.642322
0.000010 0.361054 0.638936
0.242202 0.757788 0.000010
0.083171 0.916819 0.000010
0.000010 0.999980 0.000010
0.057134 0.899387 0.043479
0.000010 0.999980 0.000010
0.999980 0.000010 0.000010
0.064822 0.156449 0.778728
0.022705 0.045602 0.931693
0.000010 0.349276 0.650714
0.000010 0.365460 0.634530
0.319444 0.680546 0.000010
0.087193 0.912797 0.000010
0.000010 0.999980 0.000010
0.061061 0.890178 0.048762
0.000010 0.999980 0.000010
0.999980 0.000010 0.000010
0.000013 0.999977 0.000010
0.000016 0.999974 0.000010
0.000011 0.999979 0.000010
0.999980 0.000010 0.000010
0.000014 0.999976 0.000010
0.075034 0.781561 0.143405
0.999980 0.000010 0.000010
0.000012 0.999978 0.000010
0.000939 0.999051 0.000010
0.000011 0.999979 0.000010
0.999973 0.000017 0.000010
0.000010 0.999980 0.000010
0.077325 0.776105 0.146569
0.000010 0.999980 0.000010
0.052220 0.947770 0.000010
0.041008 0.034638 0.924354
0.000010 0.999980 0.000010
0.044615 0.044529 0.910856
0.025846 0.065898 0.908256
0.000010 0.999980 0.000010
0.000010 0.999980 0.000010
0.000010 0.999980 0.000010
0.585463 0.414527 0.000010
0.000010 0.999980 0.000010
0.043568 0.022441 0.933990
0.077885 0.922105 0.000010
0.043594 0.033510 0.922896
0.000010 0.999980 0.000010
0.992545 0.007445 0.000010
0.007056 0.455337 0.537607
0.018010 0.182550 0.799440
0.018524 0.298509 0.682967
0.091651 0.908339 0.000010
0.996436 0.003554 0.000010
0.000010 0.999980 0.000010
0.999980 0.000010 0.000010
0.008773 0.463451 0.527777
0.001410 0.998580 0.000010
0.000010 0.999980 0.000010
0.000010 0.999980 0.000010
0.000010 0.999980 0.000010
0.079465 0.691083 0.229452
0.999980 0.000010 0.000010
0.999980 0.000010 0.000010
0.022330 0.075467 0.902203
0.000010 0.999980 0.000010
0.000010 0.999980 0.000010
0.071666 0.700487 0.227846
0.968157 0.031833 0.000010
0.999980 0.000010 0.000010
0.021747 0.074978 0.903275
0.998350 0.001640 0.000010
0.035740 0.000010 0.964250
0.000010 0.541085 0.458905
0.000017 0.999973 0.000010
0.056243 0.151570 0.792188
0.152154 0.598627 0.249219
0.000010 0.368484 0.631506
0.049222 0.025920 0.924858
0.000010 0.241375 0.758615
0.017628 0.130935 0.851437
0.000010 0.999980 0.000010
0.048783 0.061032 0.890185
0.150145 0.601476 0.248379
0.970254 0.029736 0.000010
0.033204 0.966786 0.000010
0.028096 0.137952 0.833953
0.027472 0.036648 0.935880
0.000010 0.611993 0.387997
0.012972 0.145358 0.841670
0.024700 0.000010 0.975290
0.146710 0.607918 0.245372
0.146404 0.597868 0.255728
0.055502 0.293401 0.651097
0.044638 0.955352 0.000010
0.014297 0.181611 0.804092
0.000010 0.233716 0.766274
0.006395 0.218884 0.774721
0.000010 0.642655 0.357335
0.026823 0.000010 0.973167
0.147585 0.599244 0.253170
0.153193 0.599003 0.247804
0.069092 0.263267 0.667640
0.999980 0.000010 0.000010
0.000010 0.773890 0.226100
0.762274 0.237716 0.000010
0.148598 0.593788 0.257613
0.151592 0.599728 0.248680
0.006737 0.993253 0.000010
0.000010 0.362379 0.637611
0.034867 0.001374 0.963758
0.999972 0.000018 0.000010
0.000010 0.256734 0.743256
0.002757 0.549356 0.447887
0.772464 0.227526 0.000010
0.150461 0.601677 0.247861
0.147049 0.601455 0.251496
0.006819 0.993171 0.000010
0.032038 0.000010 0.967952
0.027763 0.016784 0.955453
0.034843 0.010632 0.954525
0.034831 0.000010 0.965159
0.030222 0.000010 0.969768
0.035328 0.002069 0.962603
0.028497 0.000010 0.971493
0.033441 0.000010 0.966549
0.031780 0.032583 0.935637
0.032264 0.000010 0.967726
0.031271 0.004440 0.964289
0.028070 0.009028 0.962903
0.026260 0.015668 0.958072
0.037683 0.000135 0.962182
0.034308 0.040925 0.924767
0.034286 0.003519 0.962195
0.033443 0.000010 0.966547
0.028596 0.000010 0.971394
0.033064 0.000010 0.966926
0.037176 0.007330 0.955494
0.033494 0.000010 0.966496
0.032653 0.000010 0.967337
0.038099 0.000010 0.961891
0.024799 0.020720 0.954481
0.033544 0.002562 0.963894
0.029918 0.021879 0.948203
0.036096 0.000010 0.963894
0.028689 0.009280 0.962032
0.030469 0.012161 0.957370
0.036201 0.004930 0.958870
0.036072 0.000010 0.963918
