0.041193 0.931787 0.027020
0.052332 0.933642 0.014026
0.040398 0.959278 0.000324
0.034702 0.949842 0.015456
0.033166 0.962290 0.004544
0.034358 0.965632 0.000010
0.036186 0.954667 0.009147
0.049736 0.939313 0.010951
0.045106 0.940082 0.014812
0.051176 0.930037 0.018788
0.044747 0.942086 0.013167
0.044268 0.950805 0.004927
0.028472 0.885631 0.085897
0.029421 0.907827 0.062751
0.031707 0.847765 0.120528
0.038536 0.951749 0.009716
0.050563 0.923439 0.025998
0.035281 0.956791 0.007928
0.038654 0.955560 0.005785
0.042499 0.957491 0.000010
0.041518 0.958376 0.000105
0.033347 0.966643 0.000010
0.040152 0.959838 0.000010
0.032673 0.955756 0.011570
0.033603 0.955990 0.010407
0.025185 0.545026 0.429789
0.034755 0.950496 0.014749
0.028501 0.861189 0.110310
0.037146 0.962844 0.000010
0.037590 0.962400 0.000010
0.038602 0.961388 0.000010
0.036651 0.963339 0.000010
0.055288 0.916008 0.028704
0.014056 0.544896 0.441048
0.029149 0.970841 0.000010
0.051997 0.940431 0.007572
0.037079 0.952388 0.010533
0.035608 0.964382 0.000010
0.042096 0.936821 0.021083
0.034879 0.956041 0.009079
0.043526 0.955276 0.001198
0.043818 0.931071 0.025111
0.038093 0.931638 0.030268
0.043592 0.919133 0.037275
0.045896 0.901258 0.052846
0.039093 0.917116 0.043791
0.038782 0.928916 0.032302
0.040503 0.928168 0.031329
0.043661 0.924066 0.032274
0.043383 0.928654 0.027963
0.044561 0.922351 0.033088
0.041406 0.926769 0.031825
0.035471 0.926179 0.038349
0.040415 0.959173 0.000412
0.039493 0.949947 0.010560
0.040675 0.952917 0.006408
0.042338 0.946855 0.010807
0.041922 0.954737 0.003340
0.039074 0.924882 0.036044
0.039177 0.914221 0.046602
0.045829 0.920833 0.033339
0.040379 0.931104 0.028517
0.039092 0.927015 0.033893
0.045248 0.925809 0.028943
0.044301 0.924718 0.030981
0.041773 0.925216 0.033010
0.045358 0.921421 0.033220
0.039097 0.934673 0.026230
0.037098 0.948191 0.014711
0.047662 0.870426 0.081912
0.046455 0.788195 0.165349
0.042196 0.885126 0.072679
0.043326 0.818166 0.138507
0.041575 0.876744 0.081682
0.038629 0.924702 0.036668
0.043619 0.917670 0.038711
0.044297 0.924040 0.031664
0.046083 0.921862 0.032055
0.000011 0.000010 0.999979
0.132021 0.408978 0.459002
0.000010 0.645921 0.354069
0.000010 0.000010 0.999980
0.000010 0.000010 0.999980
0.999980 0.000010 0.000010
0.147511 0.260070 0.592420
0.999980 0.000010 0.000010
0.000010 0.660088 0.339902
0.002750 0.000010 0.997240
0.999980 0.000010 0.000010
0.131530 0.419097 0.449372
0.000010 0.658705 0.341285
0.000010 0.000010 0.999980
0.000010 0.000010 0.999980
0.999980 0.000010 0.000010
0.149742 0.252643 0.597615
0.999980 0.000010 0.000010
0.000010 0.650439 0.349551
0.048481 0.000010 0.951509
0.000010 0.000010 0.999980
0.046816 0.018895 0.934289
0.033650 0.945349 0.021001
0.067588 0.000010 0.932402
0.033991 0.961994 0.004015
0.000010 0.000010 0.999980
0.040698 0.044430 0.914871
0.000010 0.000010 0.999980
0.064540 0.000010 0.935450
0.000010 0.000010 0.999980
0.071997 0.000010 0.927993
0.044949 0.926311 0.028740
0.033246 0.941810 0.024944
0.073731 0.000010 0.926259
0.033771 0.956945 0.009285
0.000010 0.000010 0.999980
0.052993 0.039615 0.907392
0.000010 0.000010 0.999980
0.036353 0.910819 0.052827
0.085261 0.000010 0.914729
0.038938 0.161114 0.799948
0.025258 0.488537 0.486206
0.033996 0.000010 0.965994
0.999980 0.000010 0.000010
0.029393 0.909664 0.060943
0.020867 0.906300 0.072833
0.000010 0.653267 0.346723
0.999980 0.000010 0.000010
0.092290 0.000010 0.907700
0.044344 0.148267 0.807389
0.025590 0.898385 0.076025
0.021365 0.443482 0.535153
0.033099 0.024404 0.942497
0.999980 0.000010 0.000010
0.024628 0.901681 0.073691
0.015915 0.892494 0.091591
0.000010 0.650881 0.349109
0.035057 0.964933 0.000010
0.999980 0.000010 0.000010
0.066565 0.793567 0.139869
0.034254 0.000010 0.965736
0.024152 0.923508 0.052340
0.000010 0.642323 0.357667
0.000010 0.638937 0.361053
0.242202 0.000010 0.757788
0.083171 0.000010 0.916819
0.000010 0.000010 0.999980
0.057133 0.043479 0.899388
0.000010 0.000010 0.999980
0.999980 0.000010 0.000010
0.064821 0.778730 0.156450
0.022703 0.931695 0.045602
0.000010 0.650715 0.349275
0.000010 0.634531 0.365459
0.319444 0.000010 0.680546
0.087193 0.000010 0.912797
0.000010 0.000010 0.999980
0.061060 0.048762 0.890178
0.000010 0.000010 0.999980
0.999980 0.000010 0.000010
0.000010 0.000010 0.999980
0.000010 0.000010 0.999980
0.000010 0.000010 0.999980
0.999980 0.000010 0.000010
0.000010 0.000010 0.999980
0.075033 0.143406 0.781561
0.999980 0.000010 0.000010
0.000010 0.000010 0.999980
0.000939 0.000010 0.999051
0.000010 0.000010 0.999980
0.999980 0.000010 0.000010
0.000010 0.000010 0.999980
0.077325 0.146569 0.776106
0.000010 0.000010 0.999980
0.052220 0.000010 0.947770
0.041006 0.924356 0.034638
0.000010 0.000010 0.999980
0.044613 0.910858 0.044529
0.025844 0.908258 0.065898
0.000010 0.000010 0.999980
0.000010 0.000010 0.999980
0.000010 0.000010 0.999980
0.585464 0.000010 0.414526
0.000010 0.000010 0.999980
0.043566 0.933992 0.022442
0.077884 0.000010 0.922106
0.043592 0.922898 0.033510
0.000010 0.000010 0.999980
0.992546 0.000010 0.007444
0.007055 0.537608 0.455337
0.018008 0.799441 0.182550
0.018523 0.682968 0.298509
0.091651 0.000010 0.908339
0.996437 0.000010 0.003553
0.000010 0.000010 0.999980
0.999980 0.000010 0.000010
0.008771 0.527777 0.463451
0.001410 0.000010 0.998580
0.000011 0.000010 0.999979
0.000010 0.000010 0.999980
0.000010 0.000010 0.999980
0.079464 0.229453 0.691083
0.999980 0.000010 0.000010
0.999980 0.000010 0.000010
0.022328 0.902205 0.075467
0.000010 0.000010 0.999980
0.000010 0.000010 0.999980
0.071666 0.227847 0.700488
0.968158 0.000010 0.031832
0.999980 0.000010 0.000010
0.021745 0.903277 0.074978
0.998351 0.000010 0.001639
0.035738 0.964252 0.000010
0.000010 0.458906 0.541084
0.000010 0.000010 0.999980
0.056241 0.792189 0.151570
0.152153 0.249219 0.598628
0.000010 0.631506 0.368484
0.049220 0.924859 0.025920
0.000010 0.758617 0.241373
0.017626 0.851439 0.130935
0.000010 0.000010 0.999980
0.048781 0.890187 0.061032
0.150144 0.248378 0.601478
0.970255 0.000010 0.029735
0.033204 0.000010 0.966786
0.028094 0.833954 0.137952
0.027470 0.935881 0.036648
0.000010 0.387998 0.611992
0.012970 0.841671 0.145358
0.024698 0.975292 0.000010
0.146709 0.245372 0.607919
0.146403 0.255728 0.597870
0.055501 0.651098 0.293401
0.044638 0.000010 0.955352
0.014296 0.804093 0.181611
0.000010 0.766275 0.233715
0.006394 0.774722 0.218884
0.000010 0.357335 0.642655
0.026821 0.973169 0.000010
0.147584 0.253170 0.599246
0.153192 0.247804 0.599005
0.069091 0.667641 0.263268
0.999980 0.000010 0.000010
0.000010 0.226100 0.773890
0.762275 0.000010 0.237715
0.148597 0.257613 0.593790
0.151591 0.248679 0.599730
0.006736 0.000010 0.993254
0.000010 0.637612 0.362378
0.034865 0.963760 0.001375
0.999980 0.000010 0.000010
0.000010 0.743257 0.256733
0.002756 0.447887 0.549357
0.772465 0.000010 0.227525
0.150460 0.247861 0.601679
0.147047 0.251496 0.601457
0.006818 0.000010 0.993172
0.032036 0.967954 0.000010
0.027761 0.955454 0.016784
0.034842 0.954526 0.010632
0.034829 0.965161 0.000010
0.030220 0.969770 0.000010
0.035326 0.962605 0.002069
0.028495 0.971495 0.000010
0.033439 0.966551 0.000010
0.031778 0.935639 0.032583
0.032262 0.967728 0.000010
0.031269 0.964290 0.004440
0.028068 0.962904 0.009028
0.026258 0.958073 0.015668
0.037681 0.962183 0.000136
0.034306 0.924769 0.040925
0.034284 0.962197 0.003519
0.033441 0.966549 0.000010
0.028594 0.971396 0.000010
0.033062 0.966928 0.000010
0.037174 0.955496 0.007330
0.033492 0.966498 0.000010
0.032651 0.967339 0.000010
0.038097 0.961893 0.000010
0.024798 0.954482 0.020720
0.033542 0.963895 0.002563
0.029916 0.948204 0.021880
0.036094 0.963896 0.000010
0.028687 0.962033 0.009280
0.030467 0.957372 0.012161
0.036199 0.958871 0.004930
0.036070 0.963920 0.000010
