0.027020 0.041193 0.931787
0.014026 0.052332 0.933642
0.000324 0.040398 0.959278
0.015456 0.034702 0.949842
0.004544 0.033166 0.962290
0.000010 0.034358 0.965632
0.009147 0.036186 0.954667
0.010951 0.049736 0.939313
0.014812 0.045106 0.940082
0.018788 0.051176 0.930037
0.013167 0.044747 0.942087
0.004927 0.044269 0.950805
0.085897 0.028472 0.885631
0.062751 0.029422 0.907827
0.120527 0.031707 0.847765
0.009716 0.038536 0.951748
0.025998 0.050563 0.923439
0.007928 0.035281 0.956791
0.005785 0.038655 0.955560
0.000010 0.042499 0.957491
0.000105 0.041518 0.958376
0.000010 0.033347 0.966643
0.000010 0.040152 0.959838
0.011570 0.032673 0.955756
0.010407 0.033603 0.955990
0.429789 0.025185 0.545026
0.014749 0.034755 0.950496
0.110310 0.028501 0.861189
0.000010 0.037146 0.962844
0.000010 0.037590 0.962400
0.000010 0.038603 0.961387
0.000010 0.036651 0.963339
0.028704 0.055289 0.916008
0.441047 0.014057 0.544896
0.000010 0.029149 0.970841
0.007572 0.051997 0.940431
0.010533 0.037079 0.952388
0.000010 0.035608 0.964382
0.021083 0.042096 0.936821
0.009079 0.034880 0.956041
0.001197 0.043526 0.955276
0.025110 0.043818 0.931071
0.030268 0.038093 0.931638
0.037275 0.043592 0.919133
0.052846 0.045896 0.901258
0.043791 0.039093 0.917115
0.032302 0.038782 0.928916
0.031329 0.040504 0.928167
0.032274 0.043661 0.924066
0.027963 0.043383 0.928654
0.033088 0.044561 0.922350
0.031825 0.041406 0.926769
0.038349 0.035471 0.926179
0.000412 0.040415 0.959173
0.010559 0.039493 0.949947
0.006408 0.040675 0.952917
0.010807 0.042338 0.946855
0.003340 0.041922 0.954737
0.036044 0.039074 0.924882
0.046602 0.039177 0.914221
0.033339 0.045829 0.920832
0.028517 0.040379 0.931104
0.033893 0.039092 0.927015
0.028943 0.045248 0.925808
0.030981 0.044301 0.924718
0.033010 0.041774 0.925216
0.033220 0.045359 0.921421
0.026230 0.039097 0.934673
0.014711 0.037098 0.948191
0.081912 0.047662 0.870426
0.165349 0.046455 0.788195
0.072679 0.042196 0.885126
0.138508 0.043327 0.818166
0.081682 0.041575 0.876744
0.036668 0.038629 0.924702
0.038711 0.043619 0.917669
0.031663 0.044297 0.924040
0.032055 0.046083 0.921862
0.999980 0.000010 0.000010
0.459000 0.132022 0.408979
0.354069 0.000010 0.645921
0.999977 0.000013 0.000010
0.999979 0.000011 0.000010
0.000012 0.999978 0.000010
0.592417 0.147512 0.260072
0.000010 0.999980 0.000010
0.339902 0.000010 0.660088
0.997239 0.002751 0.000010
0.000018 0.999972 0.000010
0.449371 0.131531 0.419098
0.341285 0.000010 0.658705
0.999980 0.000010 0.000010
0.999980 0.000010 0.000010
0.000017 0.999973 0.000010
0.597611 0.149743 0.252645
0.000013 0.999977 0.000010
0.349551 0.000010 0.650439
0.951509 0.048481 0.000010
0.999980 0.000010 0.000010
0.934288 0.046816 0.018896
0.021001 0.033650 0.945349
0.932401 0.067589 0.000010
0.004015 0.033991 0.961994
0.999976 0.000014 0.000010
0.914871 0.040699 0.044430
0.999980 0.000010 0.000010
0.935450 0.064540 0.000010
0.999980 0.000010 0.000010
0.927993 0.071997 0.000010
0.028739 0.044950 0.926311
0.024944 0.033246 0.941810
0.926259 0.073731 0.000010
0.009285 0.033771 0.956945
0.999980 0.000010 0.000010
0.907391 0.052993 0.039615
0.999979 0.000011 0.000010
0.052827 0.036354 0.910819
0.914728 0.085262 0.000010
0.799948 0.038939 0.161113
0.486206 0.025258 0.488536
0.965994 0.033996 0.000010
0.000010 0.999980 0.000010
0.060943 0.029394 0.909664
0.072833 0.020867 0.906300
0.346723 0.000010 0.653267
0.000010 0.999980 0.000010
0.907700 0.092290 0.000010
0.807390 0.044344 0.148266
0.076025 0.025591 0.898384
0.535153 0.021365 0.443481
0.942495 0.033100 0.024405
0.000010 0.999980 0.000010
0.073691 0.024628 0.901681
0.091591 0.015915 0.892494
0.349109 0.000010 0.650881
0.000010 0.035057 0.964933
0.000016 0.999974 0.000010
0.139868 0.066565 0.793567
0.965735 0.034255 0.000010
0.052340 0.024152 0.923508
0.357667 0.000010 0.642323
0.361053 0.000010 0.638937
0.757788 0.242202 0.000010
0.916819 0.083171 0.000010
0.999980 0.000010 0.000010
0.899386 0.057134 0.043480
0.999970 0.000020 0.000010
0.000018 0.999972 0.000010
0.156449 0.064821 0.778730
0.045602 0.022703 0.931695
0.349275 0.000010 0.650715
0.365459 0.000010 0.634531
0.680546 0.319444 0.000010
0.912797 0.087193 0.000010
0.999980 0.000010 0.000010
0.890177 0.061061 0.048762
0.999980 0.000010 0.000010
0.000012 0.999978 0.000010
0.999980 0.000010 0.000010
0.999980 0.000010 0.000010
0.999980 0.000010 0.000010
0.000012 0.999978 0.000010
0.999980 0.000010 0.000010
0.781560 0.075034 0.143406
0.000018 0.999972 0.000010
0.999980 0.000010 0.000010
0.999051 0.000939 0.000010
0.999980 0.000010 0.000010
0.000010 0.999980 0.000010
0.999980 0.000010 0.000010
0.776105 0.077325 0.146569
0.999980 0.000010 0.000010
0.947770 0.052220 0.000010
0.034638 0.041006 0.924356
0.999980 0.000010 0.000010
0.044529 0.044613 0.910858
0.065898 0.025844 0.908258
0.999980 0.000010 0.000010
0.999980 0.000010 0.000010
0.999971 0.000019 0.000010
0.414527 0.585463 0.000010
0.999980 0.000010 0.000010
0.022442 0.043566 0.933992
0.922105 0.077885 0.000010
0.033510 0.043592 0.922898
0.999979 0.000011 0.000010
0.007446 0.992544 0.000010
0.455337 0.007055 0.537608
0.182550 0.018009 0.799441
0.298509 0.018523 0.682968
0.908339 0.091651 0.000010
0.003556 0.996434 0.000010
0.999980 0.000010 0.000010
0.000010 0.999980 0.000010
0.463451 0.008772 0.527777
0.998579 0.001411 0.000010
0.999980 0.000010 0.000010
0.999980 0.000010 0.000010
0.999980 0.000010 0.000010
0.691083 0.079465 0.229452
0.000016 0.999974 0.000010
0.000010 0.999980 0.000010
0.075467 0.022328 0.902205
0.999980 0.000010 0.000010
0.999980 0.000010 0.000010
0.700487 0.071666 0.227846
0.031834 0.968156 0.000010
0.000010 0.999980 0.000010
0.074977 0.021746 0.903277
0.001641 0.998349 0.000010
0.000010 0.035738 0.964252
0.541084 0.000010 0.458906
0.999980 0.000010 0.000010
0.151570 0.056241 0.792189
0.598625 0.152154 0.249221
0.368483 0.000010 0.631507
0.025920 0.049221 0.924859
0.241373 0.000010 0.758617
0.130935 0.017626 0.851439
0.999980 0.000010 0.000010
0.061032 0.048781 0.890187
0.601474 0.150145 0.248380
0.029737 0.970253 0.000010
0.966786 0.033204 0.000010
0.137952 0.028094 0.833954
0.036648 0.027470 0.935881
0.611993 0.000010 0.387997
0.145358 0.012970 0.841671
0.000010 0.024698 0.975292
0.607916 0.146710 0.245374
0.597867 0.146404 0.255730
0.293401 0.055501 0.651098
0.955352 0.044638 0.000010
0.181611 0.014296 0.804093
0.233714 0.000010 0.766276
0.218884 0.006394 0.774722
0.642655 0.000010 0.357335
0.000010 0.026821 0.973169
0.599243 0.147585 0.253172
0.599001 0.153193 0.247806
0.263268 0.069091 0.667641
0.000010 0.999980 0.000010
0.773890 0.000010 0.226100
0.237716 0.762274 0.000010
0.593787 0.148598 0.257615
0.599727 0.151592 0.248681
0.993253 0.006737 0.000010
0.362377 0.000010 0.637613
0.001375 0.034865 0.963760
0.000010 0.999980 0.000010
0.256733 0.000010 0.743257
0.549356 0.002756 0.447888
0.227526 0.772464 0.000010
0.601676 0.150461 0.247863
0.601454 0.147048 0.251498
0.993171 0.006819 0.000010
0.000010 0.032036 0.967954
0.016785 0.027761 0.955454
0.010632 0.034842 0.954526
0.000010 0.034829 0.965161
0.000010 0.030220 0.969770
0.002070 0.035326 0.962605
0.000010 0.028495 0.971495
0.000010 0.033439 0.966551
0.032583 0.031778 0.935639
0.000010 0.032262 0.967728
0.004440 0.031269 0.964290
0.009028 0.028068 0.962904
0.015668 0.026259 0.958073
0.000135 0.037681 0.962183
0.040925 0.034307 0.924769
0.003519 0.034284 0.962197
0.000010 0.033441 0.966549
0.000010 0.028594 0.971396
0.000010 0.033063 0.966927
0.007330 0.037174 0.955496
0.000010 0.033492 0.966498
0.000010 0.032652 0.967338
0.000010 0.038097 0.961893
0.020720 0.024798 0.954482
0.002562 0.033542 0.963895
0.021880 0.029916 0.948204
0.000010 0.036094 0.963896
0.009280 0.028687 0.962033
0.012161 0.030467 0.957372
0.004930 0.036199 0.958871
0.000010 0.036070 0.963920
