0.027020 0.931783 0.041196
0.014026 0.933639 0.052336
0.000325 0.959274 0.040401
0.015457 0.949838 0.034705
0.004544 0.962287 0.033169
0.000010 0.965629 0.034361
0.009148 0.954663 0.036189
0.010951 0.939310 0.049739
0.014813 0.940078 0.045109
0.018788 0.930033 0.051179
0.013167 0.942083 0.044750
0.004927 0.950801 0.044272
0.085897 0.885628 0.028475
0.062751 0.907824 0.029425
0.120528 0.847762 0.031710
0.009716 0.951745 0.038539
0.025998 0.923436 0.050566
0.007928 0.956787 0.035284
0.005786 0.955557 0.038658
0.000010 0.957488 0.042502
0.000106 0.958373 0.041522
0.000010 0.966640 0.033350
0.000010 0.959834 0.040156
0.011571 0.955753 0.032677
0.010407 0.955986 0.033607
0.429790 0.545024 0.025186
0.014749 0.950492 0.034758
0.110310 0.861186 0.028504
0.000010 0.962841 0.037149
0.000010 0.962397 0.037593
0.000010 0.961384 0.038606
0.000010 0.963336 0.036654
0.028704 0.916004 0.055292
0.441048 0.544893 0.014058
0.000010 0.970838 0.029152
0.007572 0.940428 0.052000
0.010533 0.952385 0.037082
0.000010 0.964378 0.035612
0.021083 0.936817 0.042100
0.009080 0.956038 0.034883
0.001198 0.955273 0.043529
0.025111 0.931068 0.043821
0.030269 0.931635 0.038097
0.037275 0.919130 0.043595
0.052847 0.901254 0.045899
0.043792 0.917112 0.039096
0.032302 0.928913 0.038785
0.031329 0.928164 0.040507
0.032274 0.924062 0.043664
0.027964 0.928651 0.043386
0.033089 0.922347 0.044564
0.031825 0.926766 0.041409
0.038350 0.926176 0.035475
0.000412 0.959170 0.040418
0.010560 0.949944 0.039496
0.006408 0.952914 0.040678
0.010807 0.946852 0.042341
0.003341 0.954734 0.041926
0.036044 0.924878 0.039077
0.046603 0.914217 0.039180
0.033339 0.920829 0.045832
0.028518 0.931100 0.040382
0.033893 0.927012 0.039095
0.028944 0.925805 0.045251
0.030982 0.924714 0.044304
0.033011 0.925213 0.041777
0.033221 0.921418 0.045362
0.026230 0.934669 0.039100
0.014711 0.948188 0.037101
0.081913 0.870423 0.047665
0.165350 0.788192 0.046458
0.072679 0.885122 0.042199
0.138508 0.818163 0.043329
0.081682 0.876740 0.041578
0.036669 0.924699 0.038632
0.038712 0.917666 0.043622
0.031664 0.924036 0.044300
0.032055 0.921859 0.046086
0.999980 0.000010 0.000010
0.459002 0.408976 0.132023
0.354072 0.645918 0.000010
0.999980 0.000010 0.000010
0.999980 0.000010 0.000010
0.000014 0.000010 0.999976
0.592420 0.260068 0.147512
0.000010 0.000010 0.999980
0.339904 0.660086 0.000010
0.997240 0.000010 0.002750
0.000010 0.000010 0.999980
0.449373 0.419095 0.131532
0.341288 0.658702 0.000010
0.999980 0.000010 0.000010
0.999980 0.000010 0.000010
0.000015 0.000010 0.999975
0.597615 0.252642 0.149744
0.000018 0.000010 0.999972
0.349554 0.650436 0.000010
0.951509 0.000010 0.048481
0.999980 0.000010 0.000010
0.934289 0.018895 0.046816
0.021002 0.945345 0.033653
0.932402 0.000010 0.067588
0.004015 0.961990 0.033994
0.999980 0.000010 0.000010
0.914872 0.044430 0.040699
0.999980 0.000010 0.000010
0.935450 0.000010 0.064540
0.999980 0.000010 0.000010
0.927993 0.000010 0.071997
0.028740 0.926307 0.044953
0.024944 0.941806 0.033250
0.926259 0.000010 0.073731
0.009285 0.956941 0.033774
0.999980 0.000010 0.000010
0.907392 0.039614 0.052993
0.999980 0.000010 0.000010
0.052827 0.910816 0.036357
0.914729 0.000010 0.085261
0.799948 0.161113 0.038939
0.486206 0.488534 0.025260
0.965994 0.000010 0.033996
0.000012 0.000010 0.999978
0.060943 0.909660 0.029397
0.072834 0.906296 0.020870
0.346725 0.653265 0.000010
0.000011 0.000010 0.999979
0.907700 0.000010 0.092290
0.807390 0.148266 0.044344
0.076025 0.898381 0.025593
0.535153 0.443480 0.021367
0.942498 0.024403 0.033100
0.000010 0.000010 0.999980
0.073692 0.901678 0.024631
0.091591 0.892491 0.015918
0.349111 0.650879 0.000010
0.000010 0.964929 0.035061
0.000017 0.000010 0.999973
0.139869 0.793564 0.066567
0.965736 0.000010 0.034254
0.052341 0.923504 0.024155
0.357669 0.642321 0.000010
0.361056 0.638934 0.000010
0.757788 0.000010 0.242202
0.916819 0.000010 0.083171
0.999980 0.000010 0.000010
0.899388 0.043479 0.057134
0.999980 0.000010 0.000010
0.000015 0.000010 0.999975
0.156450 0.778726 0.064824
0.045603 0.931691 0.022706
0.349277 0.650713 0.000010
0.365461 0.634529 0.000010
0.680546 0.000010 0.319444
0.912797 0.000010 0.087193
0.999980 0.000010 0.000010
0.890178 0.048761 0.061061
0.999980 0.000010 0.000010
0.000010 0.000010 0.999980
0.999980 0.000010 0.000010
0.999980 0.000010 0.000010
0.999980 0.000010 0.000010
0.000011 0.000010 0.999979
0.999980 0.000010 0.000010
0.781562 0.143404 0.075034
0.000018 0.000010 0.999972
0.999980 0.000010 0.000010
0.999051 0.000010 0.000939
0.999980 0.000010 0.000010
0.000010 0.000010 0.999980
0.999980 0.000010 0.000010
0.776107 0.146568 0.077325
0.999980 0.000010 0.000010
0.947770 0.000010 0.052220
0.034639 0.924352 0.041009
0.999980 0.000010 0.000010
0.044529 0.910854 0.044617
0.065899 0.908254 0.025847
0.999980 0.000010 0.000010
0.999980 0.000010 0.000010
0.999980 0.000010 0.000010
0.414527 0.000010 0.585463
0.999980 0.000010 0.000010
0.022442 0.933988 0.043570
0.922106 0.000010 0.077884
0.033510 0.922894 0.043596
0.999980 0.000010 0.000010
0.007446 0.000010 0.992544
0.455337 0.537606 0.007057
0.182551 0.799438 0.018011
0.298510 0.682965 0.018525
0.908339 0.000010 0.091651
0.003556 0.000010 0.996434
0.999980 0.000010 0.000010
0.000018 0.000010 0.999972
0.463452 0.527775 0.008773
0.998580 0.000010 0.001410
0.999980 0.000010 0.000010
0.999980 0.000010 0.000010
0.999980 0.000010 0.000010
0.691084 0.229451 0.079465
0.000012 0.000010 0.999978
0.000012 0.000010 0.999978
0.075467 0.902202 0.022331
0.999980 0.000010 0.000010
0.999980 0.000010 0.000010
0.700489 0.227845 0.071667
0.031834 0.000010 0.968156
0.000011 0.000010 0.999979
0.074978 0.903273 0.021748
0.001641 0.000010 0.998349
0.000010 0.964249 0.035741
0.541086 0.458904 0.000010
0.999980 0.000010 0.000010
0.151570 0.792186 0.056244
0.598628 0.249218 0.152154
0.368486 0.631504 0.000010
0.025921 0.924856 0.049224
0.241376 0.758614 0.000010
0.130936 0.851436 0.017629
0.999980 0.000010 0.000010
0.061033 0.890183 0.048784
0.601477 0.248377 0.150145
0.029737 0.000010 0.970253
0.966786 0.000010 0.033204
0.137953 0.833951 0.028097
0.036649 0.935878 0.027473
0.611994 0.387996 0.000010
0.145359 0.841668 0.012973
0.000010 0.975288 0.024702
0.607919 0.245370 0.146711
0.597870 0.255726 0.146404
0.293401 0.651096 0.055503
0.955352 0.000010 0.044638
0.181612 0.804090 0.014298
0.233717 0.766273 0.000010
0.218885 0.774719 0.006396
0.642656 0.357334 0.000010
0.000010 0.973166 0.026824
0.599246 0.253169 0.147585
0.599004 0.247802 0.153193
0.263268 0.667639 0.069093
0.000010 0.000010 0.999980
0.773891 0.226099 0.000010
0.237716 0.000010 0.762274
0.593790 0.257612 0.148599
0.599730 0.248678 0.151592
0.993253 0.000010 0.006737
0.362380 0.637610 0.000010
0.001375 0.963756 0.034869
0.000010 0.000010 0.999980
0.256736 0.743254 0.000010
0.549357 0.447885 0.002758
0.227526 0.000010 0.772464
0.601679 0.247860 0.150461
0.601457 0.251494 0.147049
0.993172 0.000010 0.006818
0.000010 0.967951 0.032039
0.016785 0.955451 0.027765
0.010632 0.954523 0.034845
0.000010 0.965158 0.034832
0.000010 0.969767 0.030223
0.002070 0.962601 0.035329
0.000010 0.971492 0.028498
0.000010 0.966547 0.033443
0.032584 0.935635 0.031781
0.000010 0.967725 0.032265
0.004441 0.964287 0.031273
0.009028 0.962901 0.028071
0.015669 0.958070 0.026262
0.000136 0.962180 0.037684
0.040925 0.924765 0.034310
0.003520 0.962193 0.034287
0.000010 0.966545 0.033445
0.000010 0.971392 0.028598
0.000010 0.966924 0.033066
0.007330 0.955492 0.037177
0.000010 0.966495 0.033495
0.000010 0.967335 0.032655
0.000010 0.961890 0.038100
0.020720 0.954479 0.024801
0.002563 0.963892 0.033545
0.021880 0.948201 0.029919
0.000010 0.963893 0.036097
0.009280 0.962030 0.028690
0.012161 0.957368 0.030471
0.004930 0.958868 0.036202
0.000010 0.963917 0.036073
