0.927015	0.033893	0.039092
0.901257	0.052846	0.045897
0.916007	0.028704	0.055289
0.940081	0.014812	0.045107
0.933641	0.014025	0.052333
0.942086	0.013167	0.044747
0.94043	0.007572	0.051998
0.93682	0.021083	0.042097
0.930036	0.018787	0.051176
0.923439	0.025998	0.050564
0.931786	0.02702	0.041194
0.939313	0.010951	0.049736
0.95604	0.009079	0.03488
0.951748	0.009716	0.038536
0.95679	0.007928	0.035282
0.955559	0.005785	0.038655
0.955989	0.010407	0.033604
0.962844	1e-05	0.037146
0.950804	0.004927	0.044269
0.952388	0.010533	0.03708
0.964381	1e-05	0.035609
0.961387	1e-05	0.038603
0.954666	0.009147	0.036187
0.959277	0.000324	0.040398
0.970841	1e-05	0.029149
0.959837	1e-05	0.040153
0.95749	1e-05	0.0425
0.9624	1e-05	0.03759
0.958376	0.000105	0.041519
0.950495	0.014749	0.034756
0.966642	1e-05	0.033348
0.963338	1e-05	0.036652
0.96229	0.004544	0.033166
0.965632	1e-05	0.034358
